10000
20000
9400
6768
10174
8133
4585
13270
2385
4317
11570
9578
4893
5627
17903
7055
6407
3056
15315
12449
5295
6487
7365
6854
19697
7812
13403
6393
16670
12685
5911
11990
10935
11509
9572
1700
174
7357
16974
11270
2333
330
14853
2720
7875
5172
5136
9673
6018
15763
19792
7701
4314
9001
13756
5184
1859
2960
8118
9850
6125
4866
16368
14068
11191
13515
768
5583
11569
7023
6116
1663
19218
11163
14134
1857
3033
15340
4494
19458
6085
19137
15898
19627
19443
3266
8126
9390
10010
10445
9548
7890
2888
19780
5474
11038
2939
8728
326
7879
3294
5331
962
12185
16553
1416
4319
4455
248
14972
5634
11667
11431
19634
2377
3804
12242
7799
7109
12362
7631
10386
4853
7707
8616
9129
1414
6923
121
8275
15628
17510
12302
2817
4127
877
10554
5035
6518
201
9111
1404
8036
4627
12353
11357
4181
15263
15056
14083
2695
17292
5369
3319
7401
8716
11908
8649
6036
14356
16620
3700
1963
10082
6328
7440
9748
1618
6300
9146
820
5471
1070
10467
19308
12505
777
10523
5238
10188
9317
4860
7773
3210
6577
10198
3999
4253
15989
7037
12708
9039
2409
1429
4668
7893
2197
9497
90
13056
7111
10222
4593
8866
54
2027
2418
12543
3034
996
13988
9755
8935
6907
6752
12222
10702
8549
5969
12647
9330
9789
2926
9750
5706
2764
16981
12695
1980
6708
11079
15215
19636
12383
10342
7368
11847
7209
10158
12285
10922
1519
12310
3524
4144
5495
4934
3966
9896
16317
16374
608
11187
8129
11850
31
10823
3890
9423
5694
11301
11896
4628
5655
15994
14628
617
2955
14711
10104
3448
2345
19569
11254
8294
11584
15960
11625
15752
6692
10712
13558
11717
12610
4369
10080
624
10340
2007
15870
11490
14788
6569
12542
14617
10545
2705
10838
4179
4290
3233
11598
5800
9181
2344
398
74
2405
8950
5865
9694
18952
12405
7975
7480
8740
2468
9396
2360
3133
8978
17417
13350
1791
2207
11230
6446
8052
690
2540
8764
6725
10010
11076
3318
9551
1478
3410
13692
3917
12931
8975
12608
9600
10328
2153
10885
6846
15395
5554
14458
3936
12017
9355
15219
13513
14496
17967
6411
3255
10805
608
15548
12300
3964
6417
10234
10521
4675
13016
12466
3503
6806
11282
5702
16101
12536
6323
902
18697
5542
373
9677
19655
2411
156
10753
17914
12195
12330
3400
469
15537
1864
2987
15279
4799
12303
5067
14995
2968
7897
390
15235
7495
8843
5544
13456
7022
7295
9937
15515
4390
3091
3371
9192
7545
5939
19816
2408
14849
12391
16125
10915
10078
6940
8512
3847
17466
16372
5539
1715
18397
8845
18734
12642
2703
3441
11294
12504
10641
10595
9375
15214
1434
5285
19018
12829
274
19401
6783
6636
11089
9181
4194
12282
4021
16886
10229
12875
16005
10296
8120
6962
9097
11531
2211
15938
3685
19198
4704
7157
185
12791
7881
2393
9722
5954
2692
8381
2319
6422
15008
4159
7563
16069
4270
9171
8589
396
10753
9459
12473
11477
15716
10089
372
6508
10045
12029
12482
7656
2885
8863
12383
9173
2021
13876
320
6435
3055
9505
15335
7761
1282
2456
8936
6615
6683
3717
479
8278
4443
7383
2477
6881
8285
19055
2999
11976
14900
7274
1917
9927
11079
10447
12827
18835
5644
7639
609
1024
4133
159
8146
6291
19676
6767
3423
11179
13280
8360
5250
6222
11869
1583
19642
3668
8381
6588
16617
8246
1184
7489
15599
12853
11581
2267
12580
14058
6038
6651
8759
8049
12540
145
16745
12532
4936
3484
8329
5848
12340
11380
8398
7562
12573
17524
1143
5800
12218
6792
8035
3279
12281
19643
687
14536
14814
4989
4338
9233
7771
2262
8185
4333
3021
12334
11524
11883
3548
5688
7901
10743
3665
11362
9820
7747
12309
16285
477
2963
7533
5772
11228
12683
17783
15694
7893
4345
13796
652
15197
6401
3315
16354
11392
5197
7377
4366
17274
11857
6514
5913
1012
4480
6253
15496
2116
2640
8571
3938
3619
1645
2958
3775
7340
8641
11794
1524
5946
10143
16901
3296
4959
16946
2421
6422
8899
9992
11070
5257
11491
7614
18272
8921
4549
4170
17858
8512
6749
10218
3368
475
12865
14064
15253
18584
4684
16522
14626
15236
1589
11059
15098
1106
2285
5436
1051
7722
2011
3800
11085
7096
6071
14729
2239
623
649
10958
9894
5441
5119
3337
6613
5344
14064
10930
5467
18289
5972
16574
5567
16086
3423
4717
14716
14264
1313
5782
14140
3895
1119
1266
10838
12273
14544
5355
807
11924
535
11715
16370
2691
5795
9733
18264
10218
11079
6988
8309
6818
6618
11156
10112
15554
5295
5540
4673
4332
17811
19545
8367
3571
16328
4465
10801
718
3139
4828
880
9342
13447
10115
1118
14206
11744
12021
18954
2383
11327
8245
2782
3937
18137
10278
11039
11809
19070
914
2018
10405
1945
3164
3854
9304
6829
17803
6806
13734
5258
15060
2802
2695
12178
15556
8866
4235
5870
13234
1059
12425
13007
13671
8781
14184
17510
18825
19026
2474
5699
2252
855
14651
3822
729
5232
15869
2598
5882
10044
2929
3165
11146
18661
17413
303
8702
1398
5633
5478
5747
1467
6543
5104
11799
1562
3469
3356
3800
2035
19092
11382
12237
3416
7847
7944
11205
3340
11962
4396
2867
14301
10215
11826
10295
6753
3922
12183
8715
1394
1560
15040
2354
4970
15930
153
16896
13437
2474
6992
5385
7000
5434
11408
6507
61
5535
11519
10139
7995
200
3766
3121
8720
577
13380
4594
4350
6565
193
6017
8590
5480
13427
5189
6408
5696
1475
1720
17613
3255
15836
7573
7067
19185
777
10271
5438
11869
7851
11793
758
13725
15805
3338
12268
14838
4360
13780
6004
9143
11334
7833
10850
6697
19447
4036
14060
7643
3173
15832
17124
15402
2776
308
1586
10258
1879
1697
7859
8536
2949
7008
2163
1299
13624
7639
4811
4126
15705
19701
1403
2142
6781
8810
18630
4820
6309
9097
15184
18561
2903
1752
10361
11580
7866
15645
14422
9718
4053
8520
5459
18600
2757
7040
6187
3905
6656
2479
8804
15409
11052
11853
3051
15508
9566
5933
10514
8063
1620
19914
8779
3628
3570
6031
11075
14758
7261
7753
8415
6388
5720
11437
6200
9893
14850
12489
11318
9215
9580
14507
3758
13191
2907
1843
4123
5872
6274
1914
2141
2180
18461
10911
7284
5780
9933
13718
15611
9279
8119
5679
19845
4708
3323
9640
11705
13319
1204
11602
2252
17125
6164
7171
10082
10585
16478
1696
9541
9322
15969
5193
10049
3226
6007
16930
421
3567
12001
13893
2906
11487
928
11657
9504
19646
2387
6352
653
8391
9268
13043
15429
8684
18193
2415
3545
5469
11372
5548
3199
8634
6801
13777
7829
8633
13370
2153
4117
6071
17797
1363
22
11870
1648
4493
17160
1786
8154
8830
7086
4924
9817
14822
6265
9930
5467
13446
16969
9869
14365
2414
15203
505
17709
18635
2736
602
9599
3949
7739
3522
4434
7737
16616
149
7872
3412
8789
12241
7720
10058
7634
10270
4636
2593
3616
15289
16873
11969
4075
576
6634
8959
167
6621
5642
1998
6316
9939
18142
3493
5168
74
19807
4815
12168
5723
9896
2517
9343
14969
6195
8747
19827
13157
11604
4125
6386
16944
6547
8183
8407
17455
9290
3959
6148
9824
11106
2900
18239
4990
16846
682
9261
10406
17060
1196
7055
4455
14111
5257
2750
4460
6710
5946
5479
19850
8538
369
8615
8232
12177
16322
8869
16208
17846
13838
5715
17945
5389
563
13538
2706
3495
19220
19080
12047
5658
9514
18707
13587
5149
1032
10218
9121
8711
10127
71
19683
421
8854
7159
14711
2237
1880
6957
2845
2213
12667
17642
19968
3330
11011
9837
4807
10274
3227
5434
7515
18616
15358
5453
13431
3739
3049
8090
4049
9662
12098
3372
5066
19405
14756
6777
15863
8748
16081
5063
11980
5007
11094
6914
4334
10553
1533
121
7158
3766
4470
10875
11556
14199
8355
2676
14601
8848
10469
9992
11026
3347
10090
8812
4246
12043
3667
16743
10622
7288
14183
9867
10231
10477
5721
3027
11705
10699
5145
7196
4853
16027
16830
5859
65
6990
3855
19426
10787
2773
11796
1290
11294
1567
4672
6880
15775
4822
10522
5303
17382
5913
9936
16177
5590
10039
2490
1685
3899
16495
6127
14767
19902
15210
9067
3658
8394
2358
6779
9038
11515
13281
17646
8026
12780
19674
2139
16192
8509
5863
5138
12451
8454
7301
8356
6929
16351
2276
14994
10336
7723
5918
5559
3594
6312
2171
4820
10984
18583
9222
15007
208
11083
2541
11818
13518
15636
11035
14516
5188
19913
3221
10515
6081
8375
1079
5725
2114
3884
5708
18937
17100
18369
7727
4712
15333
13931
12165
15378
7989
4897
8983
17682
15295
17930
12656
225
14527
1166
12570
10627
3204
4985
12121
6228
9674
8367
4260
4049
9854
5395
7720
17670
145
8790
19771
1658
8696
8447
14848
6909
12105
2750
17663
15213
8181
5265
1826
10890
19558
15667
11984
17792
3863
1799
9418
12270
9079
808
807
9369
13628
2862
8399
9426
11078
320
12377
12967
3290
5853
12581
460
14203
5320
3769
19271
6409
9366
6492
12255
3321
6585
13300
1826
7223
9802
17440
10745
12958
8601
3765
11756
6739
6868
2233
84
7717
4825
4961
6469
15781
5211
9355
4728
9669
1398
19355
26
1810
15123
11958
14870
5041
826
5791
19810
4859
7675
7380
11404
10648
3034
9736
1475
10621
3838
10879
4870
5157
17016
2188
1261
3728
8659
9099
4985
94
4768
29
18908
12649
4959
16230
4167
10150
4749
15048
88
9243
15472
17598
18880
3229
2083
568
18358
9296
4962
3161
12190
11933
9365
5042
2166
1746
1404
4604
5222
13277
8671
12184
8613
1479
4370
18950
5996
17520
4170
4680
9499
8206
16323
6389
12685
3525
1485
7196
7965
16613
10042
15070
19796
15559
1032
12521
18042
18117
18959
6902
472
1532
265
227
7567
6210
1924
6926
2779
3303
11593
9078
18916
12174
3659
19217
14442
5032
12590
268
19887
7316
9181
4230
322
2521
5097
19948
9006
5407
12674
15890
4487
10609
13400
4886
3760
5651
14798
6901
10124
2627
675
11722
4939
8625
1216
3178
18961
11294
4512
17825
9445
18742
15555
970
19582
3820
14097
7888
909
4314
16975
18632
7594
10773
14147
10442
5377
2899
4934
20
12985
11292
2831
15805
15431
11473
14106
5306
10391
6527
7514
4850
3222
18049
18180
10017
7201
11129
23
5999
3629
10892
16588
9359
7771
18497
2498
887
4633
1944
10118
1826
9496
2378
10629
6374
2290
11684
12209
7030
7767
19459
11317
8184
11836
526
3608
10500
18754
7862
14323
16417
11079
11023
12083
2239
10639
9227
10669
7604
10545
9371
11205
7799
1602
7940
8861
6494
3137
10051
8478
2488
17767
12257
17863
12682
11629
4053
7000
1482
6394
1948
9597
10365
4595
11481
1564
305
11169
4620
4797
1689
19553
1588
12124
7820
9966
708
9007
10012
6863
1030
11704
1912
1952
11603
10250
8448
10209
9102
1051
3660
15457
7523
3438
9851
616
8867
11741
4828
4743
3612
17704
3327
10432
8667
7105
18936
11829
10689
3700
1561
6386
8901
6519
13772
9530
10383
3796
211
11986
4273
7065
3201
622
12163
14588
2132
8543
9605
12399
408
1626
18579
14440
5181
2152
4967
11758
5364
6543
6866
16098
2092
355
537
2323
2639
11820
463
511
12411
8790
758
11114
2369
4219
7956
6785
3551
9040
13783
18091
17118
6962
8105
6740
1772
16014
5746
921
11255
12180
11665
4979
5038
11449
5400
17124
18551
2255
5449
1859
18575
7557
19572
7878
16133
3453
5966
4916
8469
8498
18545
4744
19430
8006
8054
261
5635
749
3315
3580
16858
5083
19252
6878
5686
8078
13851
12002
412
7450
15159
10454
10247
2649
9861
2342
6628
10415
3465
6093
2029
2878
16395
11358
6215
5199
2194
12881
14554
7419
10882
6254
660
13085
15540
6715
4572
2680
13305
5574
7062
3367
18383
6673
9756
5224
16128
8097
17623
4839
2237
1348
12928
13868
15197
8933
9049
2789
17109
9170
8170
14513
11478
18536
10013
7825
12650
1635
5785
18959
19308
5063
17278
13612
2890
19277
2981
10475
12700
3503
5589
1342
10274
6706
645
1652
5407
15382
15605
3743
7287
383
18603
2855
3497
5856
4974
1361
1676
1004
4196
6349
9995
7997
11468
9441
961
2017
6587
1017
2035
15528
8631
3884
9007
19342
8213
17677
5608
616
11794
2070
18959
10000
7060
6228
689
11184
14462
627
5459
8112
18230
5544
6094
2208
4439
11456
5546
2565
789
7339
16411
8676
12020
2376
4382
3120
16678
4656
11442
15922
19625
10498
10103
9885
19997
9681
19400
6095
102
7439
13047
7398
4326
14040
3692
16905
9239
7903
1342
8049
16587
1817
16237
16060
964
10539
6854
6896
10643
9332
6676
17359
6577
18330
17669
16894
191
2294
11332
12469
10685
18495
12464
13830
2476
2295
7007
13294
9477
7447
10325
12286
2998
4699
4514
8326
7840
8045
2014
678
12722
18642
10437
9588
8994
2519
4819
7340
8433
11642
18014
2490
16636
5369
3478
10761
3457
12027
10077
1193
19768
8095
9607
15779
12589
10888
6832
4732
1119
11141
11039
6698
14619
9090
11679
14810
8693
14897
13687
18685
1835
3798
1870
16951
8314
14517
12065
13765
14365
8988
16768
6257
10825
15504
13580
11255
1481
17625
4144
9301
282
3724
17474
1109
13286
15676
248
3834
3586
14944
10923
619
2758
3330
2381
1410
10479
45
3177
5108
7543
17428
4606
6143
6063
10210
8379
5364
9345
15109
12762
7433
13673
2874
7677
12286
9229
11895
3050
10539
4288
4251
3845
2286
9882
4373
12689
2805
15060
3703
13510
973
6119
89
8177
5417
3299
14861
814
4210
8334
17574
18822
2065
4034
9478
8681
2525
6501
9740
2347
805
1351
4827
4286
6748
19902
8489
4691
5607
13921
3820
18735
15304
2310
10980
17423
7880
7516
5288
2204
583
19687
17746
9356
11972
6815
4841
19263
810
14408
5235
1300
192
1424
15255
15822
16526
5834
19571
2251
10129
557
11907
734
10429
6347
8140
10417
11477
10866
13900
15613
6733
15429
19617
8452
6233
11864
5147
9941
1117
11341
12899
7357
724
9394
7304
2701
829
5943
1710
7985
1449
1168
8821
362
8133
13711
2570
2287
11687
7134
6288
4776
1594
18367
5677
8326
4234
10660
6996
4676
11343
13709
11285
16094
1338
19013
7622
6451
8320
7580
8560
10940
11561
10819
8602
2986
9655
1737
2070
9057
1526
2807
4621
10711
10792
2093
2444
3786
6735
7387
10795
11940
535
8704
11905
11215
200
11202
12201
2040
1583
3346
6738
11686
4455
4509
14634
7416
8458
241
168
3807
923
18774
17019
7872
6639
10984
14934
5000
12030
630
2905
13645
15501
7068
10302
712
2392
6817
4680
8948
962
2160
6892
17222
7197
4406
5180
4202
6393
896
7191
13281
9036
3090
8178
2460
6437
5735
6661
4728
15952
16140
11797
8983
16969
10332
6053
11777
12225
1113
1884
7327
2418
18190
10933
11604
8226
12615
18921
10105
10297
15086
6428
8511
867
18212
10441
12420
8644
12291
12399
11089
8478
6838
8057
5049
12355
10805
4462
17586
8156
9282
4445
1841
6901
1925
13734
1479
7983
104
3880
862
931
3281
5199
1425
12791
6531
11033
3598
11170
147
5421
2029
11583
7275
2683
11757
8532
4353
2096
10515
639
2613
13410
1666
9285
7405
12502
1625
15514
3312
15731
9487
11280
9508
2087
1007
13184
12071
17594
17427
11385
2352
8566
9154
8619
17476
16019
1386
11826
4856
6789
7228
7044
3401
17476
3881
9433
6684
11871
2176
2941
14775
17791
9669
15479
10268
1405
9905
19030
11561
7107
10475
7808
15505
12099
8362
475
6328
8826
1799
9719
9745
4866
12516
11202
2807
7451
10080
2825
9837
18807
3094
5455
12502
15495
1304
12656
11155
11496
7822
17618
3361
11438
16590
9488
1455
3084
3675
3877
9887
16744
1534
1914
4
6690
6533
3857
6390
9022
13598
8238
8789
470
12465
8552
8900
1921
7104
15859
15777
11970
17056
12074
5766
2864
3060
8319
5600
19849
14478
5859
16914
17525
15333
340
7402
15579
12022
7753
19646
2758
1210
7294
15183
13590
2666
800
18010
12263
12149
4824
4061
929
797
3064
11472
8548
1685
6727
9663
19217
9980
9292
5033
16569
2454
10843
1722
4422
14318
7010
15240
2411
4205
6611
2512
7853
5273
6608
6575
2126
4335
11512
1183
14974
12063
19859
343
12224
10473
8287
610
9277
7515
1816
4571
14155
1127
425
9069
19067
14118
3285
236
5541
80
5028
9522
4212
16151
686
8507
16465
12230
1801
8640
14736
6460
2035
6645
3581
6408
16031
1729
3844
7012
17983
256
5443
8562
13845
13562
9393
7479
14073
1633
10123
12537
9769
5741
7650
6522
8052
6583
646
3378
8261
5944
19344
7725
12241
17343
14418
12682
19679
7093
6304
3759
11577
11216
13243
2637
9783
2873
16545
279
7174
831
1782
9793
282
9784
8880
10203
2329
16283
2149
2602
8452
16157
6422
9419
3427
8271
18648
9767
8407
16021
12999
2868
17759
3749
2473
4049
6375
2691
7394
6527
692
863
1021
6273
15472
5515
15414
1906
7445
253
3336
8168
8316
5898
10393
5996
4387
7965
17831
6038
5312
9689
11537
17579
9224
4084
12934
14166
2909
7792
5614
15592
6875
3000
17689
8143
930
7583
7723
631
10401
2776
6981
11779
6022
7028
5875
16201
19752
19359
8407
12689
11249
1754
792
3724
7276
87
4841
13332
9202
18198
7835
6664
4436
11842
2050
2244
8936
14187
3081
11809
15731
833
5205
15186
11963
501
4281
12442
18922
19792
14463
3278
9922
2192
3666
5263
17987
5093
7755
13635
17917
4720
14722
1528
11766
10230
12016
18232
18458
7079
11718
19626
9349
5810
10543
815
17682
5285
1062
11415
19905
6534
2200
6951
8331
4529
3255
10443
8805
15767
18884
6139
12246
7251
10970
15632
13720
17100
14842
899
688
18797
666
14697
7470
10723
12109
8368
14179
11131
11856
3480
11014
11257
12698
754
9092
312
4993
1178
11947
7013
3084
8116
3765
5402
1468
8712
2069
16859
5433
5084
738
19890
8222
17462
3846
8523
4965
5454
11910
11343
1872
8821
16400
33
7452
6248
7046
11867
7270
1971
1004
2597
7322
8582
9042
13402
6208
15863
578
15547
6341
19069
3177
4464
12874
10952
838
4867
6287
16962
8020
4474
9278
10214
10518
4407
4535
11202
9255
12306
12511
14381
14336
6226
13447
2761
5798
17965
19837
311
7160
6373
2229
10109
19260
2942
15446
6329
11108
1505
2596
6754
19107
3699
9041
5795
18131
4787
7971
2358
3937
3829
16099
866
18911
1537
3723
3156
9511
9355
6572
639
18960
2480
5410
4436
19699
18229
9721
11807
3162
12896
828
12135
15693
9139
1858
9059
12604
15980
11127
10973
11531
1117
2987
19240
12001
1036
9757
10177
11279
1387
1893
12487
7265
5877
3076
25
1894
2317
13516
9268
3039
662
8335
7689
521
2769
12457
16096
17610
5498
9484
16207
6398
15170
16623
4377
1183
9931
10806
8742
7189
11429
14240
6854
8131
4043
4530
1062
9933
5212
3143
4878
12619
8059
3508
8672
10255
4582
11293
5585
7126
8022
18938
7268
15120
7771
6183
19275
2639
15061
1006
2749
18
9330
8852
8406
18990
6090
6726
16241
129
7708
13409
5702
9622
11047
16228
2084
13784
5353
12855
4333
3735
7095
10264
19572
18203
4256
12106
2295
10091
15970
2140
15068
11996
14025
9466
557
2043
8299
7029
14932
9945
6917
3155
8629
16537
7219
183
12205
13914
19410
10127
1742
14789
18966
9120
1975
15606
15210
11633
1621
5866
13835
18105
7549
6509
8003
11081
5925
15328
14118
6618
11013
1837
17966
2485
11441
17226
14103
9477
5683
12911
19098
7356
17034
9016
7050
16039
613
6745
304
2195
6333
17060
9767
445
1014
4699
6231
1659
11412
12727
1394
5387
17341
19413
6768
14463
3443
13091
3626
325
4750
12494
312
55
10330
19912
16396
6440
7830
4956
4459
10794
2568
12146
6511
2815
8032
8865
5533
4262
12051
12887
679
7041
12981
18505
10017
11720
13139
1371
2116
9359
12309
15535
15269
9464
18807
9582
4755
10617
9409
3031
1682
17388
4588
4362
6746
12056
1843
756
7982
16610
12699
8600
11390
15699
8739
1634
732
7080
553
9610
1374
2557
10242
2666
8664
13623
535
3201
11511
13747
15648
5987
18462
18737
9249
15558
13088
6048
12968
8813
19202
5993
6338
4659
110
3131
14400
18006
2711
15705
19373
8425
9295
6309
12171
2904
14282
16299
3411
3481
3217
1422
8585
12759
10374
17331
8769
10653
9786
14159
10901
8165
2832
10961
8545
14462
11663
10447
5956
16287
5002
12945
7575
11502
13712
9120
10698
3023
3922
12525
10691
8974
6360
8577
10934
3435
18242
6920
5187
12103
15488
9564
5811
18930
11600
10258
3024
14483
8666
11943
3911
11828
12973
10953
16798
8371
2392
14373
11861
5417
168
8596
8223
14072
9061
5029
2685
1399
11979
5288
8671
18205
1545
5856
10682
9614
3483
4966
10535
11497
17511
5724
9441
19437
15545
14841
15740
18863
10272
5870
11750
3005
9157
2074
17215
10704
12143
13777
10040
12883
13976
3181
4749
3093
6477
11506
865
13713
7240
1891
7198
8120
685
8614
1002
7843
19654
19288
1224
13114
8383
3984
1587
4323
577
16244
14235
6636
18063
14399
5405
1880
8482
8141
1540
18441
4901
9867
7298
18641
719
13570
10029
4504
612
14013
3257
10765
3019
11935
12665
9869
18765
15046
8181
8436
9363
11197
18443
12710
16444
6885
5701
13532
12224
13441
16990
11760
2440
6403
8820
11271
14249
9338
13100
9410
6885
2968
19848
10306
12448
4453
12073
12638
19555
1958
709
10023
19539
19979
11590
10069
4078
571
8521
5209
5483
9152
9937
13634
8046
6994
8783
12396
7246
17028
5842
9132
3495
11408
622
796
1694
19780
16814
6311
8824
15273
18393
8755
378
12439
3558
15698
17694
10747
1503
966
17626
5539
16279
4951
8912
19631
3978
7799
4373
2968
5817
11344
1603
10141
7170
1555
4668
6578
12386
6079
4581
13191
6666
10994
4703
16921
1282
16883
2884
9275
192
4316
10501
15202
12806
2440
8326
19955
15711
17184
6614
4749
7640
2949
5072
4855
12830
7517
9459
4775
8571
4670
13697
8791
17168
9787
1658
264
5361
3986
10710
2900
10180
19921
9509
10933
6135
5900
2279
5718
4260
6943
12970
11229
14054
10531
1094
1653
4376
5843
18778
11101
1586
3420
8517
4498
6051
4871
12868
573
13453
3205
1103
18781
17731
17439
3602
2323
11011
12667
1163
15087
3347
10157
18760
9758
3165
7139
7870
8752
13098
8686
7818
15242
11936
13970
10248
8688
2907
972
9045
7216
18572
11046
6692
6191
853
445
12514
4693
6464
15917
8075
15575
3970
4896
4553
18952
8435
7195
12464
3711
3722
3813
858
10919
15483
3798
35
6312
9072
11204
11684
8057
9096
7085
1744
2050
16529
4739
19536
4626
10727
4666
9438
2342
10570
17618
4
8692
7617
965
3571
17275
5489
3984
7426
17579
8988
17922
6189
2740
17625
8134
7529
2223
3223
1200
456
18158
721
41
5969
5508
784
11002
2685
10964
6564
19770
7249
122
4896
3480
895
2300
13848
1416
603
11471
13499
9965
4190
12681
15088
9322
12413
106
12818
11881
4198
8426
1132
2759
3903
10913
7283
11782
1343
824
7110
16721
10281
114
1510
5612
7469
12058
3221
2243
17021
7339
3728
11087
3919
4034
12492
13480
7415
10596
14034
2382
3202
1647
11674
8758
14514
8449
3464
12469
11645
17258
6345
13293
12804
19571
6828
6842
6260
3628
7009
12059
4094
5655
11443
8289
2423
1269
1540
18777
2703
6611
11149
10105
5938
12564
5234
6125
11457
2526
5159
14367
1454
7716
11845
1000
377
7894
7274
18648
12940
43
17588
3143
7257
10922
3772
11641
3919
14811
16754
10068
6463
14032
3804
4449
9745
14194
910
11332
4708
17742
3560
16316
11338
1756
8466
3576
9344
18515
10168
13888
12046
6446
19078
14463
1027
11677
3202
1521
19790
11659
7788
4433
12124
8307
1463
3423
11892
11041
7844
18611
7796
15497
19682
228
10730
9355
7272
13143
8530
10593
12654
15721
8050
10095
1807
17211
12406
16647
351
14144
3053
13694
1580
104
14976
5075
1718
8105
11286
11417
10317
3346
6729
15689
2671
16624
14533
9833
12767
19580
15846
1786
4
10379
12591
11428
15079
16499
17482
4129
10122
8798
12195
15980
4040
7537
15554
2313
4753
4345
6764
4049
9890
378
2137
9476
9798
791
6516
15693
6735
13920
12756
12083
82
1630
11709
14693
19942
16896
10358
10915
1082
2308
14568
2925
1753
16644
17947
5420
13343
4902
9872
12546
14329
4001
14366
13747
9854
3857
3150
8784
17167
19417
13205
3367
3344
7387
11381
10092
3651
9657
3154
12293
18857
104
17461
13816
4120
11258
17026
2134
18394
1768
15482
8164
3147
2433
12848
2189
10833
5558
9772
5833
18265
13249
12993
5388
15606
10328
6446
9935
12440
5494
9847
9278
17197
17924
2561
8358
15675
1898
11216
381
633
8311
16705
11502
14832
8881
5030
6987
12245
17630
17189
11218
15972
4815
13167
8091
5275
3439
9985
15878
4284
1807
16892
5223
12448
14575
4261
2831
11003
11308
4188
4889
16148
15436
8285
10809
1312
17706
1913
18821
1732
13185
5073
16961
15207
4667
18327
5451
3353
8311
3941
2763
16134
15452
14298
10904
16312
11937
13048
12234
5360
8920
1471
6116
16386
2653
19367
14749
11795
2722
5280
6867
7828
15640
5801
4430
19868
1117
3858
17173
1734
9609
4658
308
11152
17206
15624
6664
3086
14962
4883
9840
18514
10854
13840
11316
15389
7012
11798
1330
8929
4435
7699
17100
3358
11482
6148
8179
57
10862
15927
19761
2140
2299
13953
7578
11472
10068
5215
11344
9659
11675
10125
409
9209
12687
2855
705
2555
8632
16291
3439
1570
8340
5291
8457
2042
4735
14523
6566
3160
10052
4255
15447
16113
11655
2506
11284
10975
10958
5430
16744
1045
7634
13534
12508
9629
11145
861
11301
9878
16241
9029
7149
8622
15549
12191
16673
14657
13567
4805
16672
4463
19833
2113
10494
16095
11555
8164
18555
9750
16252
7717
4232
4853
2545
7039
7890
9237
718
9289
5846
11940
3336
2293
2339
9661
4934
6088
3214
12873
8147
19739
12152
3767
9732
8022
4127
4348
6185
1479
5863
12395
1782
8773
13671
11283
8111
2504
4883
10939
9814
2052
5581
4222
4787
6602
12074
10471
2055
8221
806
10955
7249
2004
1543
5384
14269
4053
17906
11265
10033
1868
4560
16951
2837
8845
10654
5895
11876
656
7767
9382
759
2149
1313
6492
7468
1340
14298
6883
13625
17846
13441
223
12723
14217
13797
1530
1885
1366
814
17062
657
8682
19181
434
3087
11734
4804
4073
9993
463
10165
12653
874
5061
4043
12183
12394
292
9067
2635
11347
10540
16377
11196
11184
7857
12745
1701
7706
10834
4172
17316
16994
1209
10839
4372
16734
6487
17010
14865
10612
4222
7814
6122
5864
8123
8803
11781
5349
2713
4084
5973
845
7127
3364
380
3392
7108
11565
1601
11854
5184
6724
2961
9981
7602
8293
3733
6361
11241
13888
11606
16031
12468
16865
1363
9192
13920
14657
3903
726
9492
1934
16891
19967
4750
6650
10710
7644
10555
3846
15910
10064
9625
9549
7526
6393
1485
7953
5229
14009
9379
6086
8530
13313
14601
8351
3394
5474
8587
6396
16989
10451
3148
81
8819
7713
11337
15285
7714
5306
3949
18063
11052
8600
11220
6688
7131
8846
5345
8337
14548
13940
13374
15515
16924
5362
19958
8184
7277
1550
16276
7309
7606
9526
11674
3636
14166
2540
12833
11275
13975
8052
7443
17566
6891
14879
16746
16213
18791
10261
1606
8381
3586
14340
945
9816
8971
10923
12275
17156
3213
5413
10228
10252
7684
1558
11925
7056
9853
7895
4269
661
5743
3393
8356
588
7803
3003
14834
1924
3812
6628
19861
9135
8750
2848
596
660
19449
738
15223
10938
4219
2813
16162
15504
6206
459
6229
5213
19006
8377
13157
746
3552
1913
6713
241
4372
12070
12132
4420
17161
17013
4101
989
12658
1024
9920
10985
12956
5233
6874
7315
3981
7888
8887
5682
284
17677
13011
7858
10962
2509
16098
7331
1604
4500
18633
4516
6157
16791
537
10030
10862
3551
11023
13056
11365
8188
11756
9453
2222
1295
19701
10023
7932
6997
1226
3594
7925
13268
16167
6856
19569
19336
7708
7480
3921
651
5708
1822
7232
2406
6568
16345
12298
4218
650
18255
10974
6508
6961
8760
15333
7188
6111
13837
480
13188
9555
1615
5891
10361
1223
7255
12115
3523
618
13985
4353
4629
11163
17143
9571
2539
9226
12222
4215
1758
16782
9923
11031
1449
11014
100
10202
4248
5681
12254
12241
11734
8267
17850
10141
9619
878
17910
400
11959
9316
9205
4874
6537
5390
8646
5200
8575
5526
12245
4715
7523
6548
3508
4518
14089
6340
18695
7334
4116
12386
2578
18343
16289
8074
8899
922
7546
14993
862
9664
987
771
15693
15589
5090
5947
3844
12349
7512
7109
566
1728
8706
17012
2105
7237
10502
4450
12730
895
1502
7370
15296
7354
18271
4935
2625
19379
9254
10603
5799
9659
6407
5502
5568
3658
10997
10333
10665
9923
11344
12558
1528
4076
4498
15173
9227
10122
3447
408
7188
9342
6960
6178
3009
12353
10247
11130
10925
3713
11855
1905
6217
16345
12403
4814
3912
11601
9115
17673
6380
19643
11518
2314
9044
10408
1003
2431
12194
8622
19605
7295
5550
6491
15809
4290
5965
12630
17009
2492
11423
250
1070
4733
14331
4657
920
9098
19835
10066
16301
14266
1446
11131
13402
7600
9986
9197
3557
14587
11510
2697
17878
8974
2560
7054
4745
11584
6524
912
17269
100
13007
10679
5690
391
18934
8509
588
8459
945
12293
10786
6341
8431
11292
1821
12120
15257
9809
11640
7376
9790
211
3860
12862
18690
2799
769
17879
14693
12742
9196
1355
8596
6512
10347
6277
16465
787
1193
2088
11652
8578
1106
1764
9247
7702
8285
1435
14258
11437
9501
3702
10067
11844
9830
17158
11211
13622
13951
14620
2593
11570
10412
1672
9607
7389
11673
5266
11014
6125
4742
19961
3786
15649
6101
8334
6221
12449
10996
11888
7653
1401
9994
8102
4717
10644
14756
10847
10356
9242
4669
13193
2759
19818
5231
5555
415
2774
444
1859
16011
2593
5467
2839
11515
14522
7683
1020
2098
9365
377
12304
7369
9613
10745
5048
6531
5243
9830
6464
15924
7509
16370
12150
9840
4424
11884
17221
501
3027
17741
499
18072
5545
5984
2265
1969
14340
16373
1958
3429
2954
13540
594
3831
8577
3521
6179
4878
12177
165
7330
676
8862
8342
11674
13364
11298
13595
2742
4001
8332
2178
7255
13159
3771
1134
568
6306
6841
7457
2146
2720
2232
1517
5455
11495
621
12091
17535
7846
19726
3095
7548
8636
9100
2946
11886
10507
12561
7509
13436
7387
8697
8213
8137
4878
12272
10748
9163
6951
11887
4833
10827
1817
7958
14797
19134
5008
14504
1597
5093
14562
7914
4342
4774
7860
1081
76
12840
7788
6541
4689
16946
90
2258
6141
3553
4485
3329
17506
6411
4823
13632
2701
6102
10216
14334
3323
19127
14123
10508
1953
16460
10107
15740
153
1913
4899
4091
8238
16227
17680
16079
13958
18925
8343
8047
16563
6614
12582
9892
14616
18063
6571
2658
11099
477
12294
7303
16495
19251
8784
9808
4446
11949
1673
8414
2392
3724
12034
1708
13471
10900
9231
2989
12526
8583
18570
3847
10381
12064
17415
2194
9206
9583
8411
13839
4836
4696
1771
19016
4865
4105
10199
16172
17900
735
18563
10118
684
216
11113
5634
10423
5654
6368
2528
9824
13144
6762
6644
7109
16280
7649
11139
2324
15524
12287
2941
97
62
11087
6139
3977
9074
10839
15959
1443
4698
10498
4014
18571
12180
4175
10167
4046
10910
6204
7232
1973
8919
7408
10476
11026
1109
8523
4911
7243
8454
5870
2789
3369
11655
16490
18774
3295
325
7209
10891
15579
12887
16542
10540
13519
11192
10061
4961
9597
4262
15195
3077
4547
4701
13492
19209
7788
2800
11230
12366
16690
11723
13633
19872
11444
2348
1875
11538
11740
7579
1540
18046
5581
15982
8942
5274
7983
17918
18875
9497
5402
8774
14676
2246
19812
5600
9261
10369
587
12000
10770
19639
4545
12238
11311
4964
9722
11556
11554
12488
4919
4107
98
4329
12560
4598
16524
1070
5571
5499
6449
4151
11167
10837
13632
6973
3951
283
4693
5773
8455
6526
2558
6308
9680
7684
7602
16970
8372
16488
19185
1422
5128
8430
2105
17541
7932
3751
1293
2529
2115
16169
19878
11891
5827
9547
15927
14625
10908
8195
12097
902
729
18593
2428
10924
4888
6535
8000
10154
6168
5359
6070
9885
14119
2619
9121
2536
4489
5626
14604
7691
136
17407
10291
12741
9694
3937
304
12618
10243
1267
18444
1058
9816
353
15554
16551
9647
13583
3729
1372
12192
2481
8394
2861
13100
17834
10132
12299
7023
2342
8223
6341
8841
246
1775
7621
6153
7438
389
1807
16509
18816
13036
1370
11195
3895
1992
19692
2895
18867
2815
2840
11363
10407
17220
9846
9968
4948
10920
9638
8935
419
3263
1701
9661
12037
755
43
8890
2347
4683
7562
3713
7108
10906
5094
3421
17402
9447
8597
3023
15979
19008
9365
18905
2249
11261
13776
6538
16688
1301
11025
13928
8010
1252
7044
12415
5381
1079
8879
14667
1967
2109
3153
7015
14263
18349
3614
8115
14531
7735
17720
2343
2064
4556
11117
347
14894
4109
2099
16850
11031
4053
4452
1546
18739
5829
16313
4676
3661
13395
2824
3315
2931
18161
4670
6567
13648
159
12602
2742
3337
19856
6031
18159
12282
2973
8087
2591
8558
11468
1239
1632
16736
5982
11575
14405
15093
1051
2430
7941
12117
19614
18704
4970
14574
11520
8871
16441
2183
12390
1394
9535
6277
5385
5936
16160
18111
14569
8394
4543
8930
3921
11060
1068
11652
12393
11106
12657
12264
7550
2826
10395
2934
7377
15934
11145
13400
10210
4261
17397
341
2362
16382
12101
12974
11547
1588
7025
9050
12617
8288
13714
10561
5237
3170
2031
6106
12621
2653
5062
14309
11909
1141
19677
10152
1124
9289
12582
10314
9902
5552
9652
19377
8660
12086
11584
12988
5982
16115
2586
5376
8884
8304
688
7939
8528
920
5311
6746
1731
8416
17917
10755
4521
7222
10115
18594
18254
3371
6939
3387
6685
19201
12877
8564
8364
5617
4968
10280
12905
11621
12435
10923
4707
9873
11889
8257
9017
13872
3926
3773
11587
7650
6125
12763
8962
2663
2725
11100
200
10906
3871
10628
455
10638
664
725
4282
9449
6774
10442
9717
9187
14548
13075
7150
4252
5742
2035
2345
3329
17579
5403
1477
509
2126
18660
3687
8031
10747
1295
12426
19983
1642
6140
9827
4272
11597
12237
1557
18645
12896
4536
15930
8867
19126
17231
9005
3594
2046
10800
19032
4034
5431
3402
18560
9735
14200
1174
2033
15637
8574
19122
13355
8515
8820
15036
9994
3487
19876
10259
12759
10860
4000
5261
5936
9693
3055
12343
7095
9873
16440
12176
4477
8012
560
7557
4653
13434
13700
5738
6680
11235
8357
12541
5444
9772
9814
18523
11028
10643
10230
12735
21
11880
9357
12478
9006
9675
9913
5380
2277
2122
9334
3724
6193
728
8272
11201
3907
12300
2280
19416
6260
5087
17864
13065
2413
12387
19334
17746
10648
7075
15769
8394
11210
10079
8544
454
9293
5796
15499
19629
1134
18573
4208
2939
4876
6620
7790
3992
668
16855
10206
3671
13212
898
2623
2990
9245
7584
2398
1016
6991
329
14599
9515
12684
3658
11439
16154
11364
6784
9533
9163
1516
8978
5916
16182
5029
9105
17794
8066
16077
11281
19741
5439
5929
6884
9314
2627
3885
1947
5397
11045
2001
2460
18744
19163
7604
11714
3763
15412
9132
2039
8424
6069
12533
11217
4084
2516
9877
16112
16420
7414
9777
4051
7293
7753
19378
4702
9609
1376
1077
4652
6723
10482
16341
11732
6914
11185
4857
10397
14309
6764
4157
3776
8034
5987
1793
5762
4175
8174
13684
9007
8492
5740
12670
4533
14039
6348
8944
13286
3565
6654
19597
13003
13377
16374
14484
12616
10046
10214
4596
9524
14940
376
5647
19349
16453
878
8170
13981
14725
1019
9434
8135
12755
1373
14157
11919
9761
11360
4891
12245
16229
11124
18412
1360
8197
170
1318
6866
12997
4433
18237
10431
7824
6355
12153
13388
2920
15182
9030
1530
14574
1619
13918
5584
12944
12352
14902
13530
14549
12862
12363
5699
19337
9307
13291
4979
18793
6021
9379
4136
78
12810
2924
886
10970
1970
9876
9503
16131
2426
18541
7729
18402
19407
9881
12418
6715
5806
6833
6508
11562
2558
11383
11208
11313
970
11265
8939
1380
19712
546
4132
2289
17866
5368
12945
12688
11664
5432
4740
4239
1386
3833
3417
11194
16518
3874
5909
5644
19646
7605
16125
1496
4855
4088
3611
4502
2201
12327
13682
8014
1426
9884
19996
10086
137
12474
19560
4364
8738
7548
661
14850
12695
3296
18636
13772
9489
1170
15072
19067
9801
4442
17479
11959
257
13030
18422
9006
1569
6037
2239
2751
16819
16265
11081
7846
3710
15177
3507
13221
11970
14297
5032
9494
3928
12123
14945
17266
2023
10849
7901
4705
2982
4762
1025
4256
277
15640
15664
3315
2266
7683
5769
11024
7644
4512
1251
4935
3457
8447
2921
4019
1768
9703
10134
16386
4518
18465
14799
15875
4993
9639
11363
12500
7757
11
5347
12137
19754
11463
1569
10908
7195
3816
5258
1336
1124
1562
13346
4643
5035
5746
11300
10126
18475
1597
16151
8734
7448
1739
3248
6872
3670
7451
11401
6318
19639
18438
18853
3052
6233
7691
6880
3649
15580
6717
9816
19727
13348
9230
3647
4177
10419
6266
11963
2447
16835
16532
13315
8130
5414
18161
7930
3367
3262
18006
7401
7782
15996
8482
12542
4128
7193
6395
10247
11163
10197
18234
5612
8077
13107
4214
5712
12969
6833
13233
9125
492
18761
4868
5298
13927
5737
4139
11846
3242
10610
8208
8793
1365
12210
2617
5544
7261
6210
4528
364
4224
4608
406
19711
4106
3594
5320
1006
19908
17822
1133
16828
8543
564
4612
7516
6627
984
5648
588
18520
12489
19840
5683
14833
7220
4576
12345
1884
5101
6690
12137
5834
10386
4842
1767
10302
2400
4541
13808
7800
4946
15719
11702
12255
11261
6957
1593
13424
1740
14393
7877
13225
10076
4031
12685
11572
5207
2130
11723
4339
7314
6825
6676
12912
2661
8878
4029
10530
7053
3212
16304
6143
548
8470
18509
14820
8731
6903
897
6501
444
573
4487
12757
17250
5093
5089
19957
12213
3237
8884
10204
17928
19292
4070
14602
113
15578
1337
6189
9482
10318
5189
9424
6060
2131
11831
2503
3559
12634
17772
6426
9249
11190
14859
7285
16756
9450
15461
2284
6758
18194
6093
3662
7495
13332
16152
13969
12205
17573
9427
14519
8783
9723
3367
13283
8163
3478
14381
10174
7960
1677
10769
11528
2162
6202
7721
15583
11273
12869
2578
305
3681
17489
974
11969
15432
13064
13728
13531
6417
456
1091
3064
11219
7402
5485
12816
11552
5014
11464
4707
1318
17513
17418
1285
5672
2369
12697
19501
10650
17070
16960
2460
8606
8409
6512
5454
13858
17490
6583
2498
6550
6618
4481
2441
17454
9748
12401
2576
2780
16045
18206
14349
8490
7429
19758
1867
8122
9413
9235
11190
11902
351
2567
9414
17942
3971
18281
17515
9293
487
10709
2301
14419
4180
3109
6336
8089
5265
9482
11033
878
18832
10632
10420
4891
6363
13268
4433
17568
6620
4911
13106
909
14190
15103
2981
18881
1223
14450
11858
9890
10818
1074
2756
8161
19758
3079
4279
10891
10105
2767
11653
1198
19674
7358
9008
9714
2433
5173
1295
3923
13471
4356
9082
14560
6644
2016
9971
2165
15708
1315
2490
9273
4889
9926
4207
11159
4000
11390
16101
2492
2531
2809
6283
9877
3361
4056
346
12710
7567
1674
16990
2346
19013
5868
14948
13070
18953
4194
5576
9324
14235
14996
17563
2697
13989
10185
2614
10349
11585
6564
11938
4997
8456
11905
1763
11066
11486
2830
6665
1872
19647
7945
9972
11550
5255
4798
7914
9360
1700
19805
9978
12670
2108
19741
4461
19818
11518
978
18930
8988
4618
784
10534
2142
1439
5789
11622
18006
13065
17304
11572
19591
13127
8139
5387
13798
11005
4625
15491
3517
13118
7689
2818
15298
8663
9621
4713
10229
11291
4251
794
8348
307
8825
15402
4830
4386
19174
3307
9185
12217
1997
16214
9891
2879
12617
6138
9371
798
5887
15495
17262
19086
18429
4889
16625
8963
6838
11846
10689
3701
4315
2534
7715
8819
15289
11429
3901
7847
11284
16489
13873
487
6791
4804
3965
11425
3481
10745
2100
10435
2782
1582
5018
7598
14355
9206
1313
2105
16183
763
12359
17860
8297
5166
2700
11587
5670
1039
4596
2790
2016
17530
10432
18987
11389
10167
18477
5091
1812
9952
19369
14212
19335
17713
2841
1524
4001
2705
3117
12912
5039
9442
13566
6688
3999
1930
19692
15771
2521
2496
13786
16761
1312
19477
9702
14556
10854
17128
6185
1693
434
6728
13811
3225
9395
3686
6724
11384
7649
10082
8267
3009
3384
7859
19806
10752
3731
12755
15870
18098
16523
4368
3816
10486
12557
2067
18842
5299
15612
4654
19788
10089
18379
17959
7146
1529
7704
9607
7059
2580
11785
18882
19315
6980
2088
12900
10976
11036
479
5952
11959
8257
946
11063
15893
1269
12574
10026
8564
584
18677
16481
11915
5085
887
7223
6341
17213
11599
8651
1404
8158
1875
7176
2366
8977
1849
6223
6908
10638
10041
13129
13937
12736
17191
11758
3929
5136
2701
3700
14829
1042
8427
4953
4065
18066
4942
4783
1916
9629
15472
17067
14490
17743
7893
1419
1539
575
13185
12554
1833
1996
10587
1510
9636
18214
3714
9772
3469
9149
8785
1192
2685
266
3060
19950
15971
831
12039
5895
711
3856
7379
6941
18210
6910
7720
5829
4506
8455
7514
19695
9919
16271
3099
3311
6598
940
7099
5961
9992
789
17346
14526
2426
14184
14441
7193
3467
12830
11580
6968
7584
9007
5200
7899
18862
7812
2052
5774
9724
19489
18842
11286
1431
8430
2002
4669
6994
8426
16522
11485
611
719
6647
15182
7903
18916
18722
8241
2321
2852
10244
3864
12636
5457
2175
5403
9910
5785
19490
540
6433
11812
11002
1269
10408
1091
696
11174
12702
8376
9287
577
10678
644
1162
1329
9281
14613
184
9422
15467
7340
918
11905
7829
12080
1368
7991
4753
8276
13144
19945
7423
7593
8722
19430
8682
4516
4325
15108
1922
5293
19754
8843
6103
10988
2642
17822
9210
12692
5697
5672
13012
17612
8236
330
3139
6242
13971
14503
5655
12079
15103
9419
3505
7496
1018
319
11862
16617
11473
8206
16406
7714
3179
3893
11040
18751
6278
8973
6658
3064
10262
2231
12225
12637
10268
3371
6556
9344
6536
12385
353
19935
3663
6620
14572
3448
3338
12634
6116
4651
12468
16125
8692
9902
4641
1942
11273
18580
703
18550
16912
19674
18703
12948
12013
6263
2368
3645
9627
1281
2671
1087
10983
11167
1631
8659
13003
13106
8186
9838
8619
3522
2150
9511
9329
11851
4582
2278
19753
4
17366
4241
7740
9426
11203
16437
11213
1681
558
8758
213
446
12415
6967
8543
5509
12489
6569
7491
10926
17890
8468
5411
3014
16031
7398
12423
3118
6033
1725
9368
12966
2849
3190
15999
8792
10540
7156
8603
8036
5375
240
11429
9263
4562
8387
9507
17578
16996
16372
10286
9859
8442
898
16933
13326
14134
6576
8397
11762
153
5716
1871
3988
13785
11998
3792
14435
14849
15400
4591
11048
3563
11842
7168
15883
1566
12314
11979
4102
9352
2478
6116
8587
121
2578
16328
1236
2693
4991
156
6029
696
9986
17254
12772
7478
1184
2312
12588
10394
9002
19520
4084
842
18468
416
5259
1245
10485
6766
9456
8268
7054
14332
9819
19641
19259
11141
6701
12451
43
19692
9272
11236
575
11603
8366
5744
13492
15230
15211
7726
4400
15366
8161
7445
14
2173
15303
11237
8778
773
129
13130
7884
6766
302
5233
12533
10547
11796
2055
8586
17011
5035
10710
4899
8177
236
9375
18354
15307
5527
3831
2804
6810
6407
7042
10297
8686
727
1775
10611
11911
8561
600
13280
6035
19738
3256
1528
9194
7935
203
1398
5675
893
18951
15142
15701
7188
12603
11890
13318
5257
7212
19564
10163
9598
9514
9819
18059
1970
3988
16935
8652
5463
6320
12707
3842
11864
968
13980
3363
5255
9029
1477
17260
15688
77
6560
11769
1214
1404
4141
3591
7385
36
2034
8906
3389
2020
18542
877
10737
13290
10078
4941
13036
6600
9547
9908
11680
9911
7930
3734
4931
2414
18513
19661
13985
11873
3018
8373
10884
19034
2905
18471
8926
7064
6174
19222
15549
17930
15881
9579
2764
18762
2672
14657
10056
2265
4946
19200
12681
9759
4489
922
6860
13215
16113
18790
4387
9179
13147
2976
17948
3885
17136
6621
12626
10113
18246
6160
14261
4051
7941
3550
6746
6540
4886
545
10178
18652
1199
8542
19628
2774
7841
12711
1978
494
10110
4112
6756
9427
6955
14674
13503
4397
2474
1954
12490
11893
356
1935
9822
4471
14744
9565
948
3656
8262
5284
14707
8999
58
7239
15776
12117
5242
18518
12709
2292
3022
3107
19453
3713
19218
16964
9060
2449
14013
237
13793
4941
4910
4235
176
9485
1308
6881
3825
1430
1882
5954
12595
3827
2732
6451
8415
5236
1484
10462
19748
1161
16827
12341
19333
7421
13321
3277
5476
11667
6306
16951
301
2689
7390
14077
5379
2831
13799
5536
3403
17614
5129
12340
14906
12632
11579
17048
10559
10475
15504
15063
2512
5861
7420
865
7285
4063
2950
1446
4023
11881
594
16663
12583
8393
6347
10716
366
5523
10611
11893
13432
1480
18763
3090
7583
5582
6721
11761
6488
6002
18236
13242
9760
18592
10153
6812
9925
12511
17635
6470
8085
14669
17572
1957
18630
2365
3406
9505
13258
12019
16823
10326
6161
8731
8312
9555
4219
10125
16661
15796
17284
18113
9226
5855
5134
18834
7066
6336
10669
1460
4439
13286
1461
10581
11856
11738
8772
4117
3261
4035
8751
1285
4204
8763
10637
6593
2377
4719
13285
12685
14895
3449
4217
2928
5554
15389
19920
12275
5192
13605
18660
7736
6266
18461
4528
3611
4750
10158
11831
11913
914
3995
6420
5731
11208
5917
16101
3185
10933
1503
5367
5894
8840
19800
18128
11927
5674
17036
286
10811
7177
11874
1539
3522
9092
5731
3613
7797
15319
17687
9591
10449
12740
11776
11794
9507
8517
11283
1361
14754
8724
19994
11463
8591
5366
15178
2816
4718
5579
7621
7282
18082
6199
2415
3746
18057
9198
11537
8854
17852
11009
12816
638
8709
1579
11402
1441
2974
730
10678
3720
1838
798
1912
4685
16898
10803
8999
6114
17965
11566
3903
4066
9471
11049
4517
15448
1479
11471
8414
16336
7464
5958
10350
2050
3805
2719
12370
17880
13772
4671
2397
18979
18635
6347
8914
258
7606
12630
5926
14350
9227
5770
9811
6982
1036
8279
6555
5310
13746
18335
1603
11494
14833
12061
10348
14939
976
17913
7504
5744
10213
5548
13824
1434
3635
9332
2592
19358
2018
10551
6943
17884
13122
13399
18136
1720
11647
18362
2154
18796
2947
15286
9047
1870
11599
9598
9183
13379
15288
10287
634
11777
19585
19098
3128
9413
8988
4015
13401
6969
416
16494
11051
12803
5161
2733
7142
8846
2546
8456
1257
14329
6995
3660
12019
961
1146
11074
1249
8240
4395
6043
11691
3138
13688
9440
6492
6971
3903
13270
4501
8491
16518
3540
13569
19228
3447
5124
9494
3809
5019
12411
19057
7134
19160
2329
4494
11607
18602
15679
10026
3354
1315
8916
7768
1868
10530
149
3653
7733
5716
3040
6221
4203
8558
4223
7834
3006
3141
2229
12256
15240
9332
9066
7065
5395
8075
11542
13153
5992
12535
9295
11472
4891
14422
18482
1435
19351
7095
7027
5131
12747
14355
16806
17752
9265
13742
10537
5197
6787
5836
11543
9659
8348
11955
5645
345
6863
17732
16314
771
9483
10489
10025
17870
6441
7454
10158
1356
7387
12111
7026
17764
5396
12341
6654
3759
6487
15487
8393
18866
18945
4642
866
3103
3221
2801
1596
19210
2251
1947
17501
15596
2328
17288
4357
12282
18397
1201
4126
8898
5423
14977
2088
874
9257
10320
2210
10537
787
8953
8695
1762
6352
13568
1070
1157
5899
14598
8592
292
6303
9896
19031
14741
19657
18427
9307
15788
2414
2888
14716
7061
9484
15143
8079
15637
17473
15996
8936
11551
4734
2740
3500
8661
12682
1983
6099
19556
13461
7978
19456
11005
12259
18883
7904
8021
5940
11148
10276
18556
5877
11259
8255
4318
1545
5496
7549
15708
16150
10739
8138
7431
5775
15496
17086
19586
7333
9077
5738
15668
8940
2549
6467
16784
4622
3268
1425
6885
11602
4433
4886
16003
12970
13186
12447
5237
160
5131
2508
11063
15422
204
5888
5980
703
13773
7655
5345
18201
9403
74
19566
17479
7967
8595
12146
6393
11075
12737
2716
10874
708
4683
7097
837
3669
6996
7088
4295
10426
14420
2463
3922
10943
16864
9396
5030
8635
94
5835
9984
105
19499
2954
6336
9024
9800
4093
11835
1848
18056
1298
11174
6907
666
14357
3421
300
18519
1546
15030
11195
18667
14219
14313
12100
18820
12583
5308
10122
17051
663
336
11991
10245
10239
3181
7792
9656
8713
19246
8794
3902
1121
2028
3408
8827
18319
395
10495
5631
7448
1095
3463
10090
8660
4988
15410
19810
6542
1272
7250
16790
4061
3713
1853
1616
7461
10566
12551
18269
7341
12648
7715
19867
16766
612
7865
8007
3072
15463
17030
2788
3572
18864
7766
2986
18897
5603
7971
10964
7744
7539
2475
2568
2742
301
11218
5988
15061
7621
3325
14126
10401
14561
17001
11384
8291
6215
11375
341
3487
18056
10809
7518
17558
1289
3617
11106
14363
17077
6701
19249
14294
837
8301
11560
19738
1546
7600
6042
6182
12192
19113
7939
13566
4306
17638
1420
4615
18541
11242
3580
5221
1639
5327
13189
9749
7276
9502
16586
2505
11595
2186
9170
4231
5541
17903
13166
3328
2929
12174
297
8369
18704
12357
9876
16059
19699
5968
1550
131
6638
9282
13238
10249
18171
3906
10705
7657
5071
4582
12090
7092
12605
9296
13837
2763
13676
3435
10706
3648
5657
1475
4809
3565
9228
8
11257
7889
4284
6465
889
10862
7201
13519
5978
5796
10878
17993
6811
7659
5034
10833
5899
4370
16515
11032
3900
3963
6610
1559
6956
10547
2204
9097
17010
13650
7949
10761
15627
2615
5637
7887
9922
7233
11807
3721
5153
15405
14246
1627
11322
4370
3479
10903
16820
19678
9300
12987
18614
142
6126
15149
4148
15728
9072
9526
19101
2137
12235
1217
5985
4582
9829
5427
18370
12371
12448
18632
11873
636
1260
16978
4358
8503
524
13648
12044
9134
2665
8879
2003
19709
8889
13283
5667
16144
2957
7076
9120
5242
8797
18025
12018
8917
6964
5797
10098
5500
4924
10436
10100
6602
3399
3268
1879
10705
9474
5204
5453
6874
12346
2253
12235
3775
907
9554
12656
12298
15660
1417
949
812
6461
1271
10105
1532
5644
2141
19273
16853
3754
8597
7089
9198
8944
7850
2917
1561
12976
17914
8687
10587
14270
4781
6710
7853
1371
10995
7411
8246
6405
7582
6003
6631
20000
15556
10539
4660
195
11891
10367
12758
34
3251
5712
15105
11903
669
4041
6054
6864
10332
1768
1512
6702
5191
4205
1854
11586
16380
18916
13293
3984
3196
11538
14884
8001
6152
1377
13012
1746
7839
10924
6710
5278
9045
1065
7322
12011
7027
10426
3568
3543
19985
9714
11673
13634
339
19335
1163
14968
16230
8379
5831
10148
8473
15115
4922
2230
15612
19060
3157
7152
3673
11560
12141
7572
12373
469
1330
11342
7589
4784
13424
15840
8912
5924
11111
17553
7977
11484
4491
8117
7273
3697
2267
10682
18990
2900
10497
9336
19926
12251
4142
10070
2905
11500
9652
957
7529
5163
7232
19389
5611
11203
9341
11457
12595
8789
6186
12212
4609
3108
8790
4208
12445
12221
2561
9866
5683
5831
18066
12543
6831
9070
6872
4348
18871
1967
14242
1584
11627
10307
2077
15219
14173
18539
19440
12979
5488
16160
8505
2627
5938
10807
12645
16834
11962
9687
11922
8779
14848
16219
2949
1026
10271
18789
1962
634
5803
15561
8079
14951
2449
3285
4768
3622
7251
11489
4544
17870
19329
7034
11532
5077
4726
17646
16271
14466
13944
2359
4645
8694
2605
11144
5937
6074
8701
15673
9117
13607
7756
15186
7732
19735
16756
10937
12225
13423
1413
5051
7110
18473
13756
5405
8444
14339
3556
832
5357
457
16559
10421
5811
7683
434
16294
3918
1087
6787
7904
11592
10908
4148
6818
9705
3963
3053
1255
12153
19174
3051
10067
16761
2013
5690
3647
1504
3685
11443
645
19990
271
11414
2442
5747
2314
15175
7662
6485
19880
2632
3124
5123
11441
9753
6738
4901
8841
1586
12760
3039
6690
6684
448
3057
16130
5491
4666
3760
3186
16157
2133
1891
12556
16327
10284
11101
418
9027
11542
3165
5614
4388
8428
14535
5373
9173
7065
11392
19386
13276
14051
12460
5820
9426
13179
17191
5039
15264
6981
6277
3108
11896
18952
12715
12535
6393
1429
12074
8324
1248
2840
12351
9097
878
12064
15435
19673
7902
10222
7187
6566
16323
17024
471
4908
10980
2778
10291
6141
8855
1337
9207
16048
2686
7831
1286
15849
17379
8348
16881
16391
17525
6763
12370
1552
5440
14505
1448
1501
1262
7244
19157
10692
2367
1959
10680
18025
11945
5143
651
18948
785
3468
12413
14801
2373
3032
3597
250
9567
17434
4523
708
15065
11592
8718
10780
12080
8445
2517
2048
7163
1160
6879
6957
7560
14128
3016
16044
4443
8169
8202
5084
8390
4728
10383
8957
18470
197
10040
3905
2211
1765
10319
8627
11974
3141
1292
17765
4856
14966
6603
9307
18878
1915
17096
3737
1494
19956
2655
8333
19792
13896
5573
19356
11373
1460
17318
1069
2777
12501
18173
7095
8008
19415
7606
11532
8946
8604
2692
12834
8494
139
5217
18694
5039
18686
18184
13215
18273
5321
11092
9987
834
9132
19798
13148
12256
16696
9273
16025
15223
3424
12727
12212
16935
16839
7735
6534
2038
12707
7149
6733
19467
9492
7887
7960
9638
2024
18456
760
5441
8329
7839
5671
11303
9293
12309
11030
6998
156
14785
6136
11094
5055
59
9296
12406
5485
3915
14778
17131
3252
10527
19548
5991
4169
7694
7818
6491
17
623
6620
2285
1004
15961
241
4760
14564
11705
14144
17767
13784
11477
13283
8271
19785
4771
8802
4046
10721
9065
3136
8231
3878
6931
11783
9723
8611
14037
244
17542
2129
102
13155
7071
2056
2073
15353
2894
6504
13754
9587
11242
677
14990
5074
19994
309
7559
10530
11527
4603
17961
15279
4707
8530
6560
18823
9597
15641
1565
4014
14559
9824
8405
10372
9806
9654
10808
11158
9983
16976
14161
8263
313
3386
11747
7612
9326
15165
9054
1930
2425
4180
10628
7840
12983
1454
12318
18164
12454
17539
8477
10863
17438
407
2514
10392
6705
1423
17581
19073
132
8151
10262
7027
9610
9455
11724
3802
229
15960
17056
12560
1596
7651
17873
14251
379
8276
8742
14950
15182
6041
3758
3792
8667
12557
13815
12982
194
1674
14128
9009
1109
5266
19327
12080
9975
2044
15682
2276
13718
4607
13766
12397
14568
12672
6825
13671
9575
19387
5840
9204
8109
6803
19943
9832
558
16954
8092
5559
17207
1407
10202
9376
17738
9402
263
4501
18454
2073
15164
2929
11705
11624
1320
13529
4149
3587
15395
9293
7539
8251
9715
8599
7771
10473
353
1745
11854
118
5528
10419
10889
11078
19107
5379
17435
11944
17443
5788
9377
4383
5267
16922
389
19533
3484
2923
6587
16964
19512
10037
2135
16940
6407
10151
7983
8852
19090
9089
7285
17177
11779
6434
6129
7832
12161
7957
15744
7347
11341
14011
17742
10500
19102
1143
5172
4997
9500
7964
9874
10524
18655
8854
9355
5063
14661
11291
16003
5963
1045
1616
3545
8028
1366
11195
1253
2731
17007
19308
10800
13139
7901
427
3062
14178
6102
2047
10204
9448
11936
12611
8209
6977
3088
17194
2247
15299
2084
11564
18062
6982
7424
18647
8852
8405
15977
18871
19102
4601
19298
129
16101
2688
1930
11171
3825
3088
946
6284
535
2927
1599
1242
306
10189
19396
10534
9218
6167
3453
10930
12135
14845
4683
5230
19548
17118
17234
11278
8724
3417
8244
2380
7734
6899
940
1724
4727
11591
170
4531
16571
5776
3698
5879
11084
3479
6642
17317
1270
19261
6247
11460
9640
872
15599
10445
7339
8814
1164
12343
10911
3075
11069
2052
4378
12514
6844
750
2208
6269
23
4271
1314
1413
12304
7890
11670
15160
5747
2781
3065
13709
19578
4571
12039
1376
963
9100
19287
2910
10956
19179
12663
5232
4084
866
75
16583
15953
13488
6148
396
5841
406
354
3557
6961
1829
4937
1926
10110
3431
10789
17245
6959
399
15934
6588
5119
34
12281
12964
4204
5474
12724
12694
16081
4574
9759
4761
4516
18363
3707
1163
974
2945
14644
1768
1614
18822
5502
12699
9452
8731
8752
7911
4606
120
7971
6196
3196
7815
5801
4538
18436
18099
3278
7727
4941
11888
7120
7472
15948
3143
8253
7986
12329
9320
496
8678
11838
10414
8651
10318
4276
12176
2164
14050
3134
3629
1007
3808
1106
13813
12991
4567
5579
503
1021
6514
13792
11087
5044
16517
15298
8780
6594
14201
10359
994
4046
7223
5914
3028
19721
2615
5871
11295
519
12614
14791
1863
1339
15256
1080
5122
11283
4755
17497
2086
14392
2999
2080
16179
13476
8462
7549
33
10049
5368
10770
9000
12326
3412
6521
10737
4721
11342
1844
9344
1442
10859
4530
4477
5309
3061
3366
7335
6237
5414
7687
16056
12505
6742
40
12438
4952
8485
4853
7615
1684
13736
5586
19026
9424
11860
3507
4189
1401
4939
12283
842
10685
13577
4470
10472
4398
9197
6229
2843
18773
17160
16812
8804
8983
5064
8685
10862
137
12065
6531
11581
5234
5472
17614
19095
7556
11951
8353
7215
6490
18535
6365
4342
11057
6937
15595
8192
12902
9562
4252
12535
19635
6450
5473
1603
16425
19203
19817
12020
2285
17754
766
6869
1714
11736
446
2960
1530
11677
18011
11297
8460
19480
4049
11356
13492
7409
4362
4701
5789
12275
2804
10259
7695
17275
1437
5068
13641
4321
16020
9440
10013
7177
6751
1597
18350
12072
3995
2869
1514
3798
18296
11720
1991
9048
10544
17427
11519
9003
6091
10870
17003
6608
18036
6663
11649
2235
1337
3000
11181
569
3429
681
18993
12260
14237
7693
8572
11016
10653
7869
267
7987
14960
2495
7971
735
145
2132
14026
1566
1573
5220
5000
6826
9652
16426
1088
11466
44
1311
18574
2019
11732
9032
18561
13541
11217
3038
4789
7025
19130
12737
5911
10379
924
1436
4567
9187
17933
10775
12492
3555
7696
19455
1676
1112
2605
7189
2662
3712
8526
8025
11557
2200
8634
14580
7876
9091
7314
2088
16690
3545
11692
17977
9156
4022
3507
12312
10621
14045
14235
7155
13759
10960
6821
9086
10670
17105
3703
17856
11145
2486
17688
18813
10376
8559
12622
3143
8692
12822
12088
19715
1865
12410
1387
13660
16076
13964
17197
15467
16716
8870
8467
4641
7258
17311
2939
2810
7368
9135
5001
11362
11139
5442
18369
16996
15952
7999
5737
11799
18120
8950
3964
5671
7955
4907
19278
15588
15333
6629
3651
11660
5179
1141
5294
4025
10549
10279
19979
4203
7825
10986
16571
9140
8138
9470
3042
8006
6485
12418
802
16124
8631
17532
6838
11819
10504
10085
12750
10822
10953
13210
4461
10996
17316
8866
5700
8435
5479
9536
3500
6184
18144
3128
17574
3886
17464
5601
16882
4922
6383
9328
6962
8496
8059
8926
6236
10439
9568
19838
14434
12157
2318
6273
10082
9531
7869
133
8683
13958
330
8898
18998
2091
5103
12723
5185
14023
17027
2404
13930
15705
19030
11231
18608
1481
1291
3798
14857
15925
9715
3824
6050
1951
18637
3156
10906
7128
8864
19095
9566
7947
436
1413
19138
137
7220
13617
7364
14776
100
4285
929
10427
14018
10088
916
9983
14110
4187
5330
17547
3417
11154
7335
2757
17247
9802
10030
4068
227
12751
1682
1785
6495
7042
10984
3421
1992
4652
2856
7097
8083
422
6256
19575
5451
11780
8151
9100
14893
9669
11921
12226
426
6556
8808
6695
18074
9691
6645
1047
4704
5860
9153
12586
1793
10512
1535
9917
5892
13051
19493
15969
12200
6902
10990
2982
873
1642
19824
10726
14609
17357
16062
6225
16701
18054
4542
11612
3639
7680
12648
2568
5709
4336
6883
8724
17747
6855
19423
12482
7134
11031
4818
12105
13500
6277
17843
13664
12339
11698
6232
19718
19584
5737
11888
11761
7180
9288
6624
1085
4590
623
7102
11856
12867
6315
18863
9839
2830
19711
13217
18851
143
4726
8231
10249
6692
8011
16696
1213
5347
661
6758
10499
18739
3603
9631
17626
18542
8891
10694
8258
1399
6754
3471
3175
13082
3851
1565
19605
19176
3024
18652
4410
5551
12498
4381
3641
16315
6336
4596
8404
