10000
20000
9904
19465
499
10454
16354
2818
17764
260
10906
12182
8713
19234
2666
1840
2388
16741
6698
13994
7782
14652
13210
6579
5864
12188
1270
1090
4235
9552
9496
11325
18528
7358
9457
12968
1174
10999
12069
12782
855
10982
8906
15633
5121
4150
14046
17489
11653
14881
5803
2174
8321
8412
12252
10463
12158
9028
5884
15006
4010
5447
15955
3353
4339
10610
4736
5481
7751
2046
2580
4271
8942
8761
3380
13476
677
4406
2093
8382
13465
14804
1461
11585
3079
7279
6214
12299
9238
488
9721
12670
16241
3893
6308
11404
13349
7273
4371
772
4447
4770
11015
12830
932
7445
16914
1095
12461
19897
8718
6733
9960
8597
10944
1034
4431
7211
14832
3858
1511
1473
7621
11963
4248
4884
8226
16462
5743
5179
7043
3761
10102
4380
4790
2610
8430
10225
5530
6099
10034
9016
120
6136
4907
15998
10500
7090
1074
9897
18738
8905
7785
1767
2328
11915
14904
5210
4743
13655
14409
3200
4873
17128
16035
6276
6681
834
4678
6246
2533
10015
12043
1419
16165
17718
2009
18853
889
13007
12487
2752
8388
12585
15733
18801
19401
9320
329
159
19786
15648
13866
18927
16187
11938
17118
18193
14824
12265
2852
8460
1899
13826
9616
10793
6540
2911
4907
6658
9078
15963
1702
9993
16829
17579
11266
12120
12306
2121
1729
16285
1570
18175
18570
13761
3826
4246
11776
8060
2715
4732
3295
15770
2117
5207
8507
3788
9060
4523
18872
11022
8245
12589
9768
7100
5239
9638
16393
16148
6250
486
18331
11402
6440
46
17378
2286
9606
11260
3680
605
19209
7444
7983
3657
7881
4051
1409
9385
5830
17363
3576
3969
3308
18973
8517
2513
10153
10354
18593
5725
18184
15736
7372
9054
18869
3140
6313
8429
1551
15180
11126
11819
10220
14378
18829
785
8400
11407
8412
11227
5387
17614
4164
12403
10933
5123
18867
1471
12394
11623
6978
10570
4038
4181
15183
16819
383
12410
1336
9303
6661
12126
6587
17887
2554
2581
4912
12393
786
7780
3779
8056
13321
11764
1875
19804
8454
6040
14221
7711
19220
8414
5061
16979
5946
3287
13337
13535
639
3110
7270
5828
10912
12139
9927
17329
5613
17709
2481
16907
4966
18665
9167
6041
10585
3837
10654
15603
10489
5106
4296
3464
2173
11533
1826
17202
5022
8277
9732
16538
11885
6338
14411
17643
4792
3017
13489
1624
11387
10186
2183
2092
1542
17942
18711
13686
7955
12001
11612
11344
5092
10699
2366
2227
6462
16558
2352
12829
6888
9991
17512
1662
1730
9029
1920
8197
19461
946
13169
19053
7230
11812
1835
8903
10089
11715
10100
12454
9871
6424
262
7917
17600
5114
6951
1528
8816
440
4423
13101
10609
4261
18908
1537
13140
10119
1661
14122
10590
14334
8416
10856
10316
6388
6420
2098
9159
5544
11805
2306
17829
5883
6515
12160
1253
10103
122
4623
12393
3203
224
2137
6993
13608
1400
8988
18908
2688
19897
1393
12829
11043
3925
9537
11486
4625
8090
12390
1815
6142
3083
2
8685
12225
12988
7490
19340
6875
13039
6031
17410
9639
9106
6171
288
6
1557
6406
7185
10120
4524
9172
7032
90
6248
4399
13100
16467
630
7067
17331
17980
12277
8029
1887
12066
3928
17738
3051
3324
9343
11537
19443
381
10357
4617
4790
19353
8426
1912
14253
568
8910
424
5801
15484
7187
10475
3950
13234
10527
19368
11185
13914
211
12908
5011
6166
10751
8849
13627
1268
3457
5421
9428
17436
12130
699
15467
7000
7376
7658
6215
3559
8057
4072
710
5152
16555
1292
17116
16550
11438
6342
17835
11792
11262
6887
15457
12821
12042
1647
12980
14746
11662
15995
8125
2044
2513
16363
6263
10524
14558
8756
11767
11693
11362
18378
9545
9246
13258
7179
6574
11112
5882
10988
16247
10614
6125
6245
18752
632
784
4604
7533
4486
2717
17298
9958
9589
2297
17359
15634
5883
9676
7117
500
15106
8163
9255
9064
16302
14215
18656
3356
11918
9084
116
11599
1605
10745
5759
10250
6806
15434
13839
17152
10673
8935
7402
871
223
1138
9855
15476
14031
3219
3150
19064
19774
2196
10263
540
12617
7131
15811
12158
9810
3435
6484
2505
2676
14617
11469
13430
6086
10543
14817
6212
7409
13411
10109
472
2707
8629
7669
9429
2607
3690
8527
2234
1978
9900
11537
11454
18405
3261
4459
1964
5931
5727
12196
10398
3963
3558
7910
1595
9059
7832
650
18065
1024
15561
6017
18193
16103
8761
1191
108
18707
3146
647
7377
6604
16579
9166
15492
572
4646
14449
2653
10033
19921
14238
19078
3986
8631
3652
8947
9378
14492
4865
9502
11765
50
1455
18825
9781
5463
19533
1875
10579
9963
6479
14454
16078
7474
8582
18087
5477
4109
1357
6699
9405
4377
10008
2393
6257
4452
220
1204
18236
6579
4799
1829
6568
630
6782
9754
1716
4294
2849
9760
11463
17763
5951
11554
15895
2224
2864
3647
6168
18027
12022
3629
1638
4621
19019
13167
8208
9190
1481
3287
8202
7318
16508
15324
10129
3532
5320
6490
7420
10750
10009
8845
8520
3724
17486
9355
7392
405
7205
2788
2382
791
17317
9402
12931
18888
2894
17664
12264
19029
18721
4404
16611
7101
12623
3709
9993
11308
17186
1603
5478
10264
10926
12112
8364
15806
16309
8362
9439
15995
4445
3406
18845
10345
13842
4268
12558
1503
16442
13892
16464
6471
29
1892
9407
9022
657
17982
4230
10062
999
8555
3080
4364
14231
2595
4301
5520
3372
17207
2286
10135
12303
1301
8671
8186
2228
9369
14559
5036
11047
11603
9376
9271
17525
2909
2838
12276
8538
9816
4834
3916
19405
10636
4956
5585
5133
3996
9091
7931
3658
19883
10948
11139
16148
9552
4427
6594
8837
10138
7116
5383
11277
1221
7952
14266
3520
2744
8993
8756
19073
8164
4948
539
8013
6492
11673
9791
9256
11764
2180
10581
649
10204
3513
1718
3460
14681
3673
3095
16826
18440
10415
9447
18275
15985
1369
13547
12663
19277
4726
4760
4415
2648
8244
11157
6463
10132
8567
5551
14336
13091
9705
2873
3550
10115
9445
4521
16598
7719
5121
9843
2318
10425
6014
7460
6370
4273
5489
2751
7026
5748
8271
19288
9900
7405
1243
19473
5658
5388
7887
8600
2988
1377
4491
12221
11140
4151
2976
16596
5571
5905
6940
5934
10999
3142
5779
2359
4769
4508
8402
1072
18248
5221
15395
7435
10208
8315
13759
11048
14999
9757
1111
9074
18245
8999
4353
4057
15153
6674
1411
9389
8035
5457
6752
12319
15982
10695
19109
9784
12026
3017
6579
18485
16466
1655
10474
9769
7666
11930
11226
9458
7918
12253
1097
4278
12482
7307
8259
133
11358
5707
17893
7054
18222
1565
3335
15199
12714
8084
4013
8701
14338
8946
1484
2983
10312
8836
2653
8491
12251
9314
4067
9061
10806
2789
11004
18684
12957
6629
14633
12986
1250
794
8638
2607
3547
1167
5992
9861
2373
133
1569
3553
18324
6573
1269
6110
12449
3139
9682
5737
10514
10507
3858
7771
19624
6636
4296
3931
108
1807
8588
13168
3127
10679
7398
1767
6307
4637
6876
4073
4629
19794
3163
13177
19942
17459
775
15728
8502
9068
12387
5273
7728
11757
19935
8748
3292
18892
10277
6059
10951
8352
7458
7550
1011
89
9301
4654
10910
4096
8665
1924
10418
17075
3250
3583
2801
2141
1529
4952
895
950
1895
10805
205
13823
10019
17007
1994
2780
1324
18277
2920
13520
9733
8252
10190
5722
7012
5789
9411
16177
15193
3821
14709
2880
12126
7947
5389
7361
10051
10443
10547
1243
12406
5973
2977
10907
11285
10045
12713
11348
12883
960
8325
9078
6124
9251
9986
8560
3497
12396
3211
18182
9746
9885
18198
17936
4855
13844
1073
18840
8477
19651
9644
14993
8424
3280
7651
8952
5901
1677
5394
5772
10708
14421
1590
7468
14031
4234
12677
12181
10334
561
12429
11928
9534
2091
12845
11101
17878
16018
10871
14042
3935
3576
8863
9841
15830
7935
13484
12877
4419
9271
1244
9819
10854
7835
17557
5641
10311
15978
14575
8287
16634
11847
15459
12671
9525
431
1873
8285
17937
16382
5140
9407
15777
16769
10151
16020
5271
6776
14612
6580
9615
2676
5504
9851
10754
3082
408
6756
18506
18042
16026
11175
118
11139
9411
12947
301
8450
12540
9066
2082
4015
195
14815
11740
19030
6714
4656
10466
12118
50
163
3721
827
9142
7586
5374
9211
1976
18487
8850
2003
3100
3269
16040
14335
741
18732
10207
2172
12291
10074
15968
2398
16154
17426
4551
6480
17489
3934
13746
19599
19231
8244
15658
6213
19926
106
19988
4134
14508
9176
18262
8524
365
4050
15498
6195
3555
14978
8740
5012
5377
3303
10019
2178
6322
17840
8090
13254
18212
10166
14972
3099
18163
18877
8265
6569
18583
14313
8474
11234
6829
4448
15886
17981
1959
1124
12659
5878
6835
18380
4851
7330
76
8871
3268
6707
13346
8400
1229
9809
10346
9488
9849
5363
3270
4631
9374
5951
9874
5240
2250
2759
947
10599
4786
12607
9440
4692
19227
18016
8910
11844
12484
8575
10397
11187
17817
2666
291
7660
9529
4616
19388
8932
11618
1838
8623
11514
15201
13664
9823
3280
8572
9198
8214
11206
251
12650
6705
13082
8282
3338
14059
10017
8432
6210
8843
1092
13308
7743
5101
5915
6932
9699
16562
5354
14894
2372
10406
10046
19722
8100
12949
15879
10534
11598
7629
3283
18720
9140
17841
1678
17672
8043
3139
6522
12781
6788
11951
13712
17988
8489
7832
12436
10680
7867
17123
5434
11829
18446
6917
16955
18066
5665
5037
11382
3233
2015
13073
8359
8856
16664
3738
6759
13854
19964
10190
8425
14005
16572
14753
5072
10409
5856
16187
2705
860
19944
14824
9516
4879
14244
16866
7945
4816
6322
10367
725
8678
8602
6074
8634
18782
7819
16545
14431
13587
1332
13060
68
31
3682
3545
8252
19427
733
12751
3944
15320
3073
14681
15000
5108
8348
13846
4928
6780
15276
4482
4668
876
4983
3039
10820
10535
11527
1377
6157
16703
19852
8316
12005
11011
1487
3118
9996
2507
6711
2220
15123
5829
17950
205
14645
1117
6513
6329
7096
19150
6826
14191
4867
2443
877
9721
13372
12844
14724
12912
5993
6106
19323
16335
994
8249
6907
9529
8568
14648
711
9705
8648
3609
10520
11709
16573
2880
1656
4898
7081
2110
6049
17566
12802
6299
4244
5055
8188
19430
7897
18791
13354
15004
16249
10676
2772
5273
412
2865
8664
6690
5124
15199
15904
6574
10278
16929
11495
12375
8332
7786
3723
15301
3275
11174
2544
8437
11909
10091
11675
5164
19550
10686
3018
5214
1535
7013
10356
2300
13261
16176
12035
12545
9510
806
12787
12091
10273
5936
5482
7418
6562
872
374
19514
5152
10081
9063
7920
7863
755
913
4374
14508
5996
5119
3318
6020
8664
11896
19001
14723
19308
15795
16429
5062
3509
1402
18680
1568
7300
19968
7199
12468
4918
6593
7764
1879
612
11614
6883
16035
7856
10261
10844
8378
11690
6851
10046
2177
8293
18361
8968
10393
7837
12415
5630
2908
709
10059
2621
4315
2546
6207
10143
7642
10026
3686
6989
1672
5898
10348
10537
1984
17081
289
12278
2017
7696
3532
5357
2413
18982
1391
5249
11108
1373
4190
3277
1342
11918
11583
1347
3915
10005
10816
8819
8075
6716
11931
9117
16300
2025
8011
7159
3974
1767
3307
1373
10904
12437
11379
10588
6305
8689
4370
348
9566
10786
1546
2801
295
11527
5006
11744
3783
19267
8540
13330
11391
390
12282
7226
15546
3578
9938
2566
1902
2898
12301
11976
4696
1138
5360
10145
2292
254
9658
13458
18175
7141
3033
706
12396
16042
15568
10158
9192
5653
3945
16852
15151
11326
8505
6622
5515
14709
9592
16719
15600
18033
10301
4623
440
7519
12412
18742
9823
4167
5823
3226
11197
16605
11493
9336
11911
15148
13020
19620
10661
15747
9728
15633
16850
7453
12273
13760
10326
12529
10262
1577
6531
17918
8244
17610
432
3795
5453
1394
18905
7490
18712
2219
15379
5539
17892
5803
272
7880
13324
9850
16727
164
2873
8994
15617
6042
7003
88
4883
12647
10597
4940
8863
15406
7115
4849
4985
680
9372
4493
17786
3240
2079
2464
6550
11567
1327
8596
4382
916
11415
17257
5013
15249
19564
12093
10515
4782
621
3742
13179
238
4603
3216
11165
11004
1336
18013
10730
12915
7809
6431
16347
6544
19723
8206
11329
9112
10718
13738
1705
8585
1204
10471
3928
1378
7505
4860
2240
3473
7264
9546
11686
672
16113
4813
3636
14558
11540
9924
12316
6511
5300
14208
11635
1875
3347
4846
8809
12792
17578
5861
714
1791
8349
4814
7127
4654
2528
8598
4193
2330
1740
3477
13195
8883
9855
12284
9180
9101
2871
96
710
434
14508
10665
7867
6889
14705
10009
12712
6788
1545
14365
11513
4621
4713
9525
4586
7982
15825
2147
11406
3683
1673
2038
1282
12767
7613
12947
17870
19777
19449
5800
17665
15989
5155
3409
16426
8586
16219
8006
9238
1015
17620
10026
13068
8812
8367
13300
17066
19994
1179
188
11614
11969
5359
2885
10308
4254
19299
9964
1410
13841
18834
12692
10180
1904
2320
8656
3096
7149
2059
17069
906
9415
17859
8389
2590
9907
14664
17060
8878
7817
504
7703
8649
19279
2838
17594
5416
998
10185
9566
11439
18966
3098
5885
14344
9242
6443
5694
830
6571
10903
422
8252
6125
2446
836
11684
2172
12397
2875
9583
15380
12767
5518
4584
5347
10358
2733
15302
10224
2599
1058
1229
4936
520
2713
4260
16492
6091
4115
9748
9563
9336
2442
2597
385
19692
7361
8056
3677
16564
17811
10596
12339
12295
4760
3122
4790
3142
8791
12215
12115
5301
4046
2293
16414
11126
1666
4816
4477
14122
9352
9905
9879
1222
12495
4348
8858
2199
12723
10418
18446
19446
10083
3046
6846
14314
12397
9600
7104
13696
12942
883
5352
5802
1212
9470
5713
8379
13455
4453
6983
17054
11603
10221
19989
9402
1103
19162
17777
8998
17523
6345
7081
6763
7363
7148
11084
11102
165
14825
11128
2427
4588
657
5415
10816
3843
10305
25
3022
8248
2394
9056
11233
15214
12321
8941
10154
18241
3478
6334
10640
5431
17813
17828
3211
16779
6670
8502
3069
1177
11237
1655
7022
19816
3369
13512
5806
763
6741
1421
12009
17366
8648
12544
2825
9296
12228
665
17039
13341
17289
10520
18575
10425
19503
6584
5230
4916
17861
1043
445
11615
5677
53
11379
8635
4404
14882
15435
11100
13426
6854
12962
17119
9542
6721
4431
11570
367
5039
4289
2524
4138
12056
19610
15088
7726
4124
15468
12276
6057
9148
1591
5201
4920
8105
12832
507
2697
494
8657
2590
13873
8156
6323
17741
3885
15961
7403
4522
12633
2983
3416
1364
5585
3926
10376
19540
11499
16105
8317
6053
7377
4521
7459
18726
15679
9708
18766
4354
2433
18115
9782
6042
11530
4807
434
8919
19572
4833
9526
12018
1018
8603
6603
12127
6743
3145
15634
6973
15933
10295
17145
11198
8725
10130
1593
4823
13529
3638
17238
8551
9651
8475
18484
17031
17012
5630
8153
14261
2515
9168
5638
2688
17451
3649
10548
3764
3507
19690
9969
9187
4380
14878
1528
15511
2254
206
2898
11962
6751
1854
8046
15394
2871
3564
9793
12509
15335
5402
1310
2368
14947
1599
18708
19311
1028
6450
18154
11915
2558
337
16091
9983
9057
149
17
17321
14739
246
18404
617
5256
125
2735
6635
9702
4942
1334
19732
11452
2706
10714
2990
4347
7718
1528
3892
10779
1285
4069
4444
6895
10358
6537
7303
9348
11285
8446
16106
12668
8706
12199
5403
18893
7403
6289
10714
10232
1594
6091
16260
11946
9311
13381
5337
1748
4380
2250
12584
7371
9011
1916
15904
4767
752
1971
16629
17340
1109
17782
10804
11618
13609
3733
5704
4677
1984
15436
2760
868
12073
19640
15494
3337
6329
18071
10840
1733
5243
9922
6308
5865
18132
4297
14765
741
4856
5649
3745
13985
10094
9040
19806
12413
8708
581
2280
1256
8115
18648
2892
7106
7888
149
1137
19314
8056
12520
2083
9671
9688
5111
14591
6800
4800
17250
1725
4634
10661
3419
3041
172
2520
9446
15424
12195
6251
143
7891
12751
1085
10605
12381
1387
10122
1146
5501
7965
18131
10672
6642
8945
2830
2051
4496
12341
46
4097
11399
8116
8496
9257
19214
16724
14155
5198
2195
6127
2517
715
9442
12145
2133
12195
11958
18006
12813
4287
12898
17313
15075
18215
477
12028
6579
4797
11698
6290
9783
1596
10628
2574
14417
1427
7265
13330
4574
8705
18573
18455
12283
4880
5835
6823
1845
1586
16268
9275
1265
1052
1784
17014
5056
12581
4541
16639
14112
5532
9402
5151
2034
18252
170
8478
2976
17393
5265
12381
1002
4120
2472
5907
1589
3352
4584
2408
3987
17618
4952
11059
4816
5513
15383
16661
1889
11873
19241
4050
4333
6266
6658
5363
5241
1545
13011
9852
5524
6139
12662
10669
18311
14569
4027
8763
7739
7737
9040
7853
16135
3642
4339
10006
11296
7102
5528
245
8735
4245
6137
6318
7409
4365
15584
19462
9953
5164
3285
3201
13606
4777
8136
12155
6252
2157
1758
3624
6532
1165
92
10349
11818
9220
1908
10779
1498
3378
1586
4463
16402
5752
6245
6282
4773
12559
18606
5457
1605
7307
10122
14116
8334
5778
11744
7967
16691
732
19177
5106
12265
426
1698
416
1140
2887
10131
1594
11317
1727
8765
2106
3345
2497
5573
3103
9121
6166
1219
2987
6043
12383
6570
18973
9315
4208
6612
10863
1905
4814
6485
11376
10497
12137
892
12351
7389
4922
2632
19756
4075
4892
8113
11438
2901
8490
5746
13956
11644
3099
17527
11628
5692
18240
12363
12165
9118
10489
6174
19078
3521
18971
7800
5850
3589
11043
13313
18242
3197
1814
10796
2280
12657
10976
5447
12356
3286
7785
18915
6801
2031
9399
6403
12590
3392
6
6694
4404
2647
4871
6933
19705
16345
8443
12236
1033
14093
8942
19369
1183
8843
11796
14390
2503
10146
15141
15189
11924
2060
12343
5616
384
19538
928
2558
12550
2399
11784
8212
11649
4997
1264
8465
19778
11762
10214
10056
7444
1361
5763
15308
13137
12255
6538
5405
10080
6420
6209
14837
9909
2734
4173
5841
9766
10844
1679
3775
1518
9776
1120
9484
18948
15298
5102
13419
729
1571
243
3748
11924
16008
9562
451
5997
3475
7761
9755
19916
15392
2829
12190
2175
18165
5953
4574
15261
12199
5468
3680
509
18539
7301
8070
16598
3939
8247
7513
16693
5221
6236
9721
1024
1611
5451
9956
18829
7421
12322
18344
10466
3934
19009
10888
10059
3320
12108
2416
6268
5576
7007
6201
19404
11050
8591
9915
11214
12579
14084
6773
10670
18736
9336
3838
8689
11314
6670
16521
12329
3894
7123
3226
10970
10181
18582
12108
3760
6352
8806
10493
4668
16986
5296
12800
2482
4547
2229
13185
14661
8600
12429
3062
12829
11324
7966
1418
8574
11220
9051
8681
19896
5877
5277
15915
1453
9070
13506
12864
11718
4757
8423
8319
14196
18163
231
6319
13960
3919
4433
8274
7890
3419
4618
11316
6042
7072
8456
4471
10655
11466
3786
5276
16562
10163
13336
7377
11026
15729
11102
6014
12934
3679
2311
7629
11069
4876
14299
19900
5221
1701
3161
13957
9869
19715
11187
4008
7579
19413
7180
1692
15693
684
11890
987
17296
13960
15132
8038
1282
14853
15746
14717
17416
3141
13566
6848
7822
11389
5350
4225
14818
12543
12583
6770
10351
5898
11424
7752
3579
2195
13956
1234
15231
11537
15277
796
11465
2124
7937
9473
17364
16867
5478
12437
4035
10816
11492
3854
7775
10461
1055
11350
2934
5971
5841
11633
2639
1638
5513
8398
11183
16913
17574
17935
4366
2418
5682
18297
8374
14390
766
15483
7969
3459
2626
8478
18831
10952
11601
10449
5033
11653
17213
10865
2457
6393
2288
11226
18054
3407
1766
401
18097
1640
5803
6093
16209
2983
17432
11849
6190
12607
1613
9322
5344
14813
3181
15217
7781
6516
6685
17887
17252
10252
12218
2667
676
5866
11324
3846
4236
639
18319
6825
10265
400
10923
13923
193
14152
12985
2884
1322
735
17445
936
6985
15144
193
15332
18492
4285
2975
9650
103
7276
19820
15261
6511
11326
4718
11084
6839
6796
3131
15502
8030
1024
13119
1865
3765
8108
17387
6978
6273
1453
1437
14188
6709
7165
14837
7345
11277
11451
18449
10370
12810
6075
3597
7454
14352
11821
9820
4612
2305
13838
17828
10104
600
10065
2621
9815
5157
8300
18280
6172
13484
8482
18511
5166
9115
12083
18112
7311
15311
2853
4521
4133
18150
17425
8019
1126
7458
9582
1887
12166
16162
4991
8321
4608
8192
5115
15870
6054
11690
11135
18662
9416
15329
15958
12561
9414
9588
2371
9148
12662
5242
2677
9889
21
16914
1672
7383
1229
1786
10650
687
11562
6417
1973
1417
8829
1581
9717
2746
3852
10396
2590
4126
10432
5819
5664
6461
10861
14295
1765
16895
5599
4583
2752
16687
2728
13446
4886
5810
15788
2162
7017
4963
3913
14630
10536
6518
8423
9784
16761
10409
8707
17393
7137
8392
18779
11664
14265
2057
3961
5725
18033
11203
16928
16782
15329
6029
7480
2875
4404
1082
3130
11650
18
6901
5946
18682
2162
15614
1046
10680
19548
19458
1730
12356
2208
15005
14322
15672
537
175
11556
11613
11902
6206
14995
12454
9230
3537
5116
3881
8825
808
4654
3873
11407
3196
12148
1701
12361
3290
11267
7621
729
9471
1794
7434
2034
2867
12763
18892
10903
613
15941
3248
15365
2474
3983
9383
6464
15508
11469
5927
5246
2420
10370
16231
6741
9520
18162
15901
7910
5027
15652
56
16134
4535
1689
9405
4880
13475
112
11235
13900
2148
11636
15469
17214
12093
3916
6986
5614
5518
1825
3725
12027
11478
7822
9453
3071
7752
19081
5981
8544
591
6611
137
18172
9409
897
11989
9202
16453
10983
2549
11248
2532
7082
13900
11968
816
19587
4614
11218
10583
12626
6612
11559
8902
14856
9738
8483
11518
9458
5722
3568
10647
12391
19951
19666
6135
3888
3529
10255
11248
11994
9851
8475
11261
10173
14950
12644
11451
4394
1555
4386
6695
5303
10867
6428
18204
10698
12151
17018
649
17766
6926
8014
11219
11544
7682
8322
2960
10752
4849
1792
5438
11137
4557
9828
18503
15495
5810
3522
7702
7579
11498
6646
7126
2440
7395
1552
5487
6570
11691
12059
6720
4700
4945
8178
2619
158
9755
13954
1571
12105
326
8829
3654
6706
12481
10596
4474
4319
9993
5681
10329
10381
16995
1639
284
18845
6811
7579
12217
7842
3295
11872
284
10412
378
16083
4359
1234
8689
6794
13705
14177
3424
7645
4192
71
12146
4786
10062
10141
3490
13162
8220
8184
18837
653
10161
16015
1587
8118
2449
4650
16298
2366
10870
3438
8449
554
14703
4235
19709
11956
11771
961
7317
13017
2403
15670
3701
10215
667
378
11382
11269
12855
13908
6680
9856
3117
2132
2212
9113
8366
2968
1668
4336
14212
10075
11327
1679
5579
5536
5206
11126
7151
3138
1503
10985
1769
1017
7237
10651
665
9132
9532
9337
3842
3546
2885
10295
15560
17606
4422
9468
11978
11845
15846
6220
17791
17769
267
12505
11507
747
9204
4712
2974
12539
4566
13317
2824
13927
17239
13670
7871
2733
4588
9664
17844
3392
18675
5131
10105
3996
5808
12118
10651
10634
4135
18571
8063
6194
10078
10113
9598
12388
8432
16932
6880
452
2033
1348
12538
8057
2597
12799
11847
14196
1215
4111
12423
1120
17979
17940
8346
2318
9210
12960
4347
14526
11776
6821
17693
1709
815
2846
6790
14977
1250
5184
1645
15925
6825
9375
16629
133
4903
10911
6663
10457
396
10273
2194
16401
19124
7178
10850
18581
1020
10226
13920
9017
18408
11281
3855
10130
8855
10314
3681
11644
5952
16213
5629
3623
18805
2957
7251
4421
7380
18526
7065
10676
1132
4236
2668
10284
7606
644
17160
7175
5648
9571
4515
15443
3608
12680
17166
5658
1357
17851
10697
3052
15237
17178
12328
433
19693
11687
6378
16560
420
8275
12307
702
11510
6121
19183
8583
3322
12090
5797
1950
16587
18988
2173
5445
14119
1090
12753
5787
9033
7594
15316
18473
8966
17352
19750
2698
9226
10885
11347
16958
14352
13207
7855
301
6563
14544
12433
11260
6104
11846
1490
1745
12583
6661
15524
966
18318
6998
6418
10863
15076
14638
11452
17483
1405
887
17647
684
5155
7135
16550
1863
1135
8482
10915
7003
8714
6616
18476
17505
10182
5118
6245
6552
3164
10342
3025
5325
4515
3005
4008
11757
4533
10880
4535
2730
6754
12350
1979
9647
7089
3820
10043
3363
12666
11372
4904
1183
12868
3482
3190
656
4191
17531
2743
15819
14177
7974
4028
6612
15425
3823
4811
14957
469
6712
6430
7167
6380
5655
7682
5993
1579
4517
9706
3851
2472
12332
4982
6513
17480
4781
13352
11585
2232
9589
18176
15683
2254
14301
7709
8755
13694
10116
1554
4711
9499
18253
6058
12353
16051
9592
8667
12820
2569
9602
8779
3254
2321
11162
12518
15050
11790
1419
12794
11466
1740
11139
13177
11735
2044
15333
18604
18752
16370
13587
9783
11956
10720
18425
2161
17384
5936
6137
17824
18214
10948
5178
10326
15644
7310
15312
622
18304
8591
10026
13476
2852
11152
5214
12888
9022
11746
2804
3841
13909
7670
4661
7409
16010
17851
5873
19916
4428
18907
1075
19783
11417
9460
6918
5539
7093
5239
7108
1383
7245
11458
4035
9950
296
9470
16957
8662
13746
13113
5251
5907
7368
6209
10337
7927
6723
17092
3280
16019
4261
6698
18910
5386
13893
18864
17918
8202
5049
11075
10991
5865
6760
14752
15373
12128
12493
6702
13626
3595
9867
5912
11402
9884
15347
10539
5264
19970
2326
10964
11820
8062
12428
6520
7954
4447
1024
10704
10841
226
1729
1418
4585
18571
6729
3616
1697
12514
139
1719
2891
14222
9727
6231
12320
8979
4366
845
11738
9451
13276
7235
11166
8997
311
11674
4166
5759
419
7309
16848
581
17956
11109
2089
1287
10952
19515
10231
18972
5307
13329
1768
1593
17896
2639
6494
6223
4015
2783
1399
1256
9483
15528
5022
8832
15136
938
16691
2627
6375
14558
5595
16361
4858
5547
18120
9236
4382
9160
15622
1958
7603
1973
459
5731
18397
18328
7515
10
6959
10872
11838
13714
2013
17947
2819
5702
14430
7488
11249
9025
14339
1883
5234
10024
9403
8372
2173
2154
2498
2815
14855
7288
2477
794
11274
12868
9174
16200
3633
4090
1703
6800
4456
9665
6920
148
18022
5873
18793
18899
8439
10674
17519
3965
716
1080
8863
4858
5858
448
1932
14297
10642
3369
2912
17337
3101
8211
395
8250
18198
14809
7054
12192
13837
10925
1414
4109
2591
5432
11898
9915
2046
17806
10276
4572
2722
15475
10815
7442
1197
14576
13236
8206
11423
13971
3268
777
16318
8714
3380
11715
1986
11101
4892
3071
3908
12750
463
9819
12517
10290
7720
9681
7966
1325
19192
5487
13195
10671
18673
8502
2326
2896
11954
12692
15205
18221
15441
5762
2339
10303
7210
12926
8111
31
7401
9862
11782
2140
14649
2520
9521
25
16074
44
11439
9415
4773
6510
12576
5029
11695
2045
11031
1050
7550
8390
12957
5070
1631
8573
18533
2348
16580
3456
17107
18488
2606
15692
18379
3375
12317
2076
13819
11267
9850
17253
18120
3700
6977
3762
5337
12270
13904
2016
5670
10884
8945
10553
19678
4367
5415
7122
18843
11495
13945
11203
11847
11486
1601
5321
10570
15871
10196
830
2426
3242
5008
19187
1314
4780
12455
4146
1678
10400
10701
9526
3323
455
11746
6919
8866
10249
2368
17559
17630
5065
15684
2079
15394
1098
5788
10678
17340
9092
2773
7446
10855
8836
15042
3662
3668
4998
76
5351
15830
3860
5020
14552
10416
2332
11017
1544
12511
10514
9442
12135
4134
426
4858
12778
381
15828
5174
10859
9785
13174
18456
3069
346
5226
2058
8431
1015
2908
9865
15848
522
6914
15639
5309
2715
15289
2974
3731
19405
2787
1125
15799
9707
2851
16756
16319
12400
15700
1768
12126
19417
15532
19574
3466
8939
10484
11230
12878
5763
1573
6839
7662
12514
10882
11636
6110
9173
4311
14362
4640
11302
7285
7745
7906
6116
2122
7819
3732
1074
1634
4488
15146
7091
17024
677
9653
401
6971
5272
3554
10736
10264
4397
3600
1525
748
12397
6738
13621
11662
7539
15144
6752
19582
2703
2205
7242
7000
19478
16833
7293
4374
1488
516
6848
10248
3007
7895
9765
3477
15503
6947
10869
11695
6467
10022
6844
4087
18682
18609
2005
7510
9859
7970
17267
10615
2469
12386
1844
12453
14317
990
10439
15560
2294
16007
9303
1246
14491
19080
10558
5851
10780
3946
1515
13088
12593
5769
7951
5533
16017
7540
15146
19303
2593
8327
11161
6680
1053
19305
6332
17961
7144
5125
15624
3887
6740
11016
5489
6104
2513
3807
13110
15301
8565
9838
138
13413
14543
4304
1125
10613
5772
12050
1519
697
19237
3278
15240
11129
1070
5449
11992
16444
12224
16171
17529
13413
4961
2113
1318
1584
13913
4532
706
15627
11092
7080
11849
5076
16310
4340
1143
14678
5153
12292
17242
9860
14439
12368
14809
977
15441
6010
19456
12565
12203
11850
3794
16320
8470
5802
17582
3420
9451
3424
13437
5988
1968
10831
18337
4998
3036
2604
6813
1210
16138
8353
7780
95
7840
18692
6435
10298
156
10581
2542
9966
259
6201
18859
14618
8009
5753
9952
19093
16576
17274
4349
906
15105
5115
7242
10772
4859
12145
2671
9048
2078
1954
6245
292
231
1666
10719
8523
7049
10385
9944
11262
17951
18513
123
5673
1236
41
1749
15059
7727
2587
3291
10260
1951
6661
8315
10036
298
9562
11748
1319
3862
7518
628
10
4627
5955
8453
444
5487
9351
12470
18044
19063
4394
9019
2215
17806
1136
5637
16750
3728
17722
18607
8218
15331
1061
6189
18335
12866
3935
13877
14816
5448
1101
12106
15016
13503
5311
2764
6212
678
5806
3042
10882
4068
3002
11011
12330
15983
1446
7463
8574
3163
13520
4368
8147
12835
6609
7608
8493
12761
18969
14617
8924
19406
18696
127
5592
480
5964
2510
15805
902
5246
7762
16550
124
5979
11754
8396
4335
7779
2420
1147
5768
9908
4215
2169
665
8772
6963
12310
16873
18080
10793
81
3071
10695
8394
10992
4175
10469
2273
7325
17511
7568
2079
6338
13849
6821
19241
1987
7271
6881
6116
9597
10736
12062
1980
1602
2556
7411
19063
2258
8777
1002
10493
11160
9619
7424
4420
16682
17125
4927
669
1470
12162
5372
9088
10508
11314
4271
1656
16200
19501
19893
10734
2492
3946
8711
18295
9287
3620
4024
15292
8088
4273
3794
301
9321
8066
8078
10597
7100
18553
6228
347
14294
9582
7352
19534
19997
19743
625
16751
15027
6043
2361
14411
144
3501
4902
12287
16193
970
18347
7450
18530
313
2221
10832
4316
17732
10086
2500
11199
7139
16508
9683
11678
10339
447
13505
3022
11353
1732
2469
5052
520
9764
4627
7377
8660
3700
14348
1414
324
6211
2216
15751
6073
6677
18431
12329
8242
14210
12282
5835
1019
6990
8317
7631
5305
7686
11505
6773
5046
18688
6323
2683
6861
11983
3742
4150
10900
6184
13368
1103
3244
3384
1151
6431
10186
34
10706
8296
17827
19450
5279
10680
5017
19682
1616
11519
8424
17576
8917
4651
880
11675
1552
17992
12064
6065
1763
6009
8390
9755
9497
5076
8825
12803
694
10689
15203
1483
19296
817
2255
13669
3403
6078
10646
1841
17285
9767
9481
7482
10470
16264
9438
6128
19893
5339
667
16227
3578
3632
5987
9828
14152
14669
12003
4572
4935
5927
3132
1000
1570
1084
366
4667
14517
11349
8873
2579
10452
9695
8563
7478
6844
5732
4152
3796
17114
7212
18580
13852
8957
4981
770
10908
17245
4883
5250
15961
7304
10215
2669
6578
6160
2881
12376
7413
3062
4789
4586
10718
5812
8447
3294
2036
12526
16151
16214
4449
7479
8690
9253
4725
12546
4222
3739
17210
19951
13307
9647
5877
1649
13370
1966
9761
5729
2583
4966
11274
1125
1974
14897
16940
1023
4063
5442
10027
7957
4057
3504
4175
9283
2983
11973
14565
3874
14501
5350
14806
1943
7360
9345
5925
16700
9721
15864
18411
11438
17464
4495
12787
8444
6384
3606
17173
10538
18871
11543
17491
10153
3266
17823
17077
1015
5890
16333
10724
117
704
9980
7785
19692
2585
18800
2115
16063
1498
18657
5643
7407
9083
2091
15655
6865
6011
13970
10896
1776
16095
1205
10405
3777
8265
3194
8043
16266
10266
14995
491
562
1160
1459
18250
9864
9886
2772
2087
18226
13750
11331
8118
92
12663
19186
10751
5884
7823
3163
1142
4487
1550
2645
9144
6678
5288
17561
12746
16054
2633
3697
11090
4914
11477
8613
4626
18689
4455
7397
11720
16559
19429
8789
13286
1676
7718
5820
10578
9878
4995
7819
8957
3080
3646
8846
1253
7744
5078
11092
3177
18193
12101
14014
5839
2221
7935
8649
8888
5359
683
10811
7454
12076
3231
3696
4915
10072
14654
9570
13113
5335
7985
11257
6176
17066
6150
8632
8675
14582
11818
15107
2113
18995
12071
15058
13533
1946
11326
10999
5492
5868
4484
19759
9506
15138
14364
4330
12020
7223
9240
6618
5194
11927
2383
9022
13717
6150
15421
19435
522
11377
8670
5919
17577
6038
2376
11781
10129
2898
8650
11784
17983
1934
9896
4056
8651
9288
2708
9501
7169
6338
4300
3454
6368
5901
9367
10576
4980
1300
5949
3456
5843
2729
10536
6527
6682
5392
12670
12208
453
4301
18651
6578
689
19309
19089
9358
6674
183
15423
864
6483
19121
787
4101
5041
3923
12479
4841
2453
3052
9276
18733
15318
2581
11297
1083
11787
14394
2434
7433
2033
7490
6281
4879
5953
9475
11285
13321
8686
15591
341
3371
4097
8540
7779
6727
2325
17534
18080
14656
1106
19365
10611
6380
12329
10831
18274
18731
4340
1643
12044
6090
12332
14218
15468
8406
2439
15174
6606
7745
18039
3695
2574
10358
3236
8826
11413
8733
13732
393
13203
7853
10528
7768
6683
3348
9127
18412
16065
2535
8270
7004
11700
10954
12142
15581
1884
12799
9596
3183
2226
1967
6950
2025
674
14617
6835
12708
5953
1661
1944
13802
9390
648
7257
11517
650
11357
10661
2215
2711
7784
9361
8837
1426
4034
13264
10322
176
5922
12119
11541
3450
1162
14803
1291
4936
8397
12454
4178
15487
7361
9574
6714
11626
19785
9685
5131
5497
13504
3518
14006
764
3684
13107
11230
7678
8712
16361
4835
3970
2328
11025
18481
3710
8042
917
1549
4634
17865
4598
5723
4999
12448
15336
17424
16639
7625
1450
14395
11264
10419
19751
14898
13448
6133
6863
7838
1200
11446
9266
14853
328
10487
3649
4571
726
1159
11780
10504
2478
1413
15163
11096
16528
17682
16182
4645
12901
18751
8051
16357
1655
18576
7514
6419
1267
10482
15994
18046
8096
8994
19746
9299
828
18329
19807
3339
13114
2137
15513
10740
11230
16889
15756
18081
244
8592
10694
1969
15092
7202
1925
6560
2966
4750
14895
12208
18165
4308
3886
19733
9829
8422
17202
13667
8788
6005
5636
12344
2082
8441
171
6953
4320
3293
14305
10189
1674
19312
11859
17868
16868
6477
17371
19045
18549
18789
9917
10786
9830
3569
3011
2044
10457
12633
10969
6638
970
14820
10824
14875
4198
15069
8211
4254
14157
11850
9523
9429
8938
1516
12594
2925
10861
11221
6698
11884
12652
6381
15004
1089
926
1987
18320
10923
2163
372
17551
9004
13108
11068
3073
11020
18622
95
2024
9868
17662
7702
3673
7377
7211
2715
222
15373
1446
8307
5772
1645
12115
10751
6981
4164
7860
7200
3853
19738
19722
7917
7853
16436
5451
9431
874
6594
7106
10198
11170
11435
5193
987
4268
3033
8103
725
1996
1092
6441
11296
1241
8927
6370
3729
2607
15940
7714
8002
11667
4192
7736
14622
7178
19487
11687
2347
6264
11446
6761
9595
1306
402
11623
15760
675
10500
276
1971
6806
8073
941
5971
17768
14523
208
7453
5811
7225
2079
3713
4601
12950
6163
8446
6303
3589
4480
16178
4837
8384
10061
12804
1863
19706
5264
9998
1974
18539
14987
10411
16244
19189
713
6500
16337
1560
13783
7130
9384
3706
17058
9267
9048
11476
15860
2117
12099
14589
13774
11204
201
17015
12069
15723
12834
3323
18940
6667
11870
18245
11621
13079
765
4960
6039
4811
8717
6127
17069
5504
4358
18720
6661
17362
14951
5425
1972
16971
11375
7680
10185
12695
12283
8212
10440
11783
12451
5645
18915
9889
1010
6443
12152
78
16297
3553
3405
6753
4691
15576
8172
19464
17862
483
2174
1844
10271
2790
3305
4649
3642
12934
3305
14308
723
5807
3728
4720
15040
1479
3197
3239
1899
18453
1149
10120
7633
9713
11044
12093
10364
1291
15018
17896
9728
12091
1094
16019
983
4523
2956
12629
4509
838
7238
7460
5322
3199
14771
6878
403
2210
1538
15285
10592
13627
11308
1149
6732
4136
629
54
9855
383
6433
18298
6954
18751
12662
12646
7687
2840
4917
5929
7822
16761
9528
17486
56
19517
7306
8137
2740
19637
9898
2979
2858
9812
5149
10789
11027
4093
13878
7622
10836
1229
8295
8469
5407
6088
6788
11174
5160
1220
3004
18172
10760
15415
2230
3642
755
12385
7662
6986
10650
441
3212
2729
16320
16121
7784
8665
1277
7273
416
1861
11764
9005
1845
12049
19188
14605
10665
10505
15569
14408
11929
518
8737
11927
3610
10177
1270
10691
4757
12215
19901
6182
2626
15936
6619
162
5221
7472
3714
13476
1611
5897
1879
16310
9219
2983
18500
6919
10461
10697
795
2875
3460
19968
18801
16306
10907
2489
6230
14586
2872
10154
662
532
6562
12383
12946
806
13292
15746
11739
2918
3343
5708
13971
18081
9610
5517
6244
526
18552
9565
4573
3894
4725
6592
12401
672
336
10972
16589
8255
1647
15739
8573
346
6886
6846
12509
8190
10421
5095
384
5158
4932
12260
11619
2214
4800
5277
6958
570
6290
6077
10352
465
18212
768
920
10329
7091
1633
18547
8841
10546
6976
2600
11825
1668
15253
6069
10946
3160
10199
11848
17405
17442
15979
9181
13404
4702
19886
10650
12610
4003
11425
3435
19620
1768
18711
2910
1620
5338
3776
1855
17521
14393
4946
7185
16049
13494
18524
17937
8969
7884
16043
8267
4514
18145
1208
4569
9308
7356
8344
10655
13247
995
5186
7143
1350
3067
6941
11324
2378
8222
15089
12585
6735
6140
8266
13936
1745
3922
11500
10442
652
16331
10682
6178
686
16057
11748
943
4382
2321
7187
11317
10569
11082
10230
15579
7984
10676
7819
6282
17011
632
12716
2058
187
1331
11391
16092
12522
7953
2940
16695
1187
8364
18012
9284
6073
19170
5317
3320
6041
18359
8792
309
3703
8752
12279
13631
9274
10218
14007
2303
4806
6430
7722
5145
7308
5334
4617
6830
14100
17868
12131
6129
11494
902
12233
8457
11867
1683
17397
1964
11270
15749
15838
10774
10498
13004
2044
9740
11771
15447
1243
13843
12700
10153
8930
7503
8795
11644
8544
957
5382
6617
8444
18959
5452
11763
17849
16203
7979
2310
11851
5154
10013
15667
6844
10257
5378
9048
9693
3129
6060
2705
8334
2527
9740
6385
6316
11107
2144
3583
6845
11521
1849
4433
4540
649
12046
15817
7972
10495
8130
5970
11999
3026
16246
1880
3404
701
17646
13834
6547
16575
2917
10929
4392
11610
18160
3150
3776
3182
5042
18133
726
2131
19397
2220
14236
18520
451
8833
6019
5407
11992
11022
617
5429
2440
750
4646
3986
17023
10524
1684
10869
15453
7184
19905
17053
16766
216
2966
7271
4746
3800
5541
14634
8801
15394
18037
12372
11108
9172
18477
13250
8580
5875
19938
4066
12332
13995
5536
16393
15341
14020
12570
17588
16973
1124
17362
16447
4782
10791
6695
4934
14240
2750
1409
5279
2950
18347
15902
5556
8489
12248
2138
2433
9023
6842
6112
8658
8153
18697
9652
8602
12080
5436
16124
4627
4813
12230
7857
7320
3546
5363
17226
1284
5003
6977
11522
11945
2380
11678
7247
4976
15562
7142
9634
6835
10401
281
7517
14172
3401
1758
12568
3995
16063
10394
1490
10666
340
878
5560
8833
2040
15092
3510
4984
5317
3831
2145
5216
8043
7733
5408
1088
13790
12758
3902
16433
834
457
6448
17432
8370
10979
18470
14823
9299
2423
4500
12402
17883
4500
7710
5618
4129
8417
1190
9947
3651
10489
15380
10077
4698
17831
3178
2366
8670
10592
3716
6674
19929
11683
4657
511
780
11217
7382
6035
15907
10635
7675
10082
8570
1424
9083
18401
8556
14452
10895
6404
10816
5024
3637
5912
10290
19500
5571
831
11426
10268
18158
7407
18334
18941
3353
9033
7921
15454
4094
9754
2121
6510
7453
7507
9257
12570
296
617
8946
19588
1642
15372
10578
8098
15163
12040
10410
2011
11525
6525
4545
18466
12147
2879
19883
18960
4894
6637
8343
19267
7544
6961
7354
11577
12500
13724
8063
3146
571
5631
13803
3656
7440
1418
5202
17432
15742
2181
7228
846
1127
13040
7316
2762
8139
17274
10518
7444
9402
6051
790
824
15898
11346
14833
801
10935
6870
9909
10328
6670
2910
12047
5466
16216
7126
983
4410
6999
4456
3326
8763
17761
10286
11987
6091
4431
16409
3832
11841
18148
5252
19112
19189
1470
3765
13732
897
4799
3096
7138
17275
12888
7387
9173
8336
2586
5865
8251
17472
6396
12456
1704
13659
7659
658
2069
15679
7925
6035
8297
5807
11860
5767
4579
17714
1339
12241
2572
10320
8354
2107
7199
13581
7665
15632
11094
9027
6158
91
10292
13186
16167
3102
9172
6247
14814
15633
5107
12413
4759
11841
7264
9205
5187
12676
2496
647
13962
894
289
966
4250
8853
4964
18661
11442
4149
11369
16044
2157
4739
14426
10712
19919
11553
18488
5141
4369
4710
7141
7004
7980
15610
6198
19181
10535
3540
14966
2059
2561
17621
2394
3707
5662
10145
12105
14522
6033
16608
5672
4097
9101
11065
6470
4569
18796
1833
11756
19006
6460
934
19939
5526
15404
17367
10978
13550
8698
3311
4286
16920
6202
877
10352
6694
6918
12501
11557
11302
3560
18316
11785
12411
8360
8342
16272
19103
9782
10671
5962
4410
19607
8139
12068
9409
7919
5999
9598
14639
12691
3884
2320
4485
7020
7359
2203
5985
16266
4297
4753
16191
13678
14511
676
13650
6293
14929
19408
6785
7397
3658
5736
7969
7322
941
10593
17143
2254
3098
4928
10986
2218
6243
1124
17674
10223
2626
9170
2147
6946
11926
11621
10046
7419
17601
12659
12222
1484
1666
2717
15446
7538
4627
3358
4203
12573
4739
1073
878
18208
19121
256
2869
3671
9389
15089
6462
11323
4942
6287
259
18887
12563
3352
18012
583
14394
2924
11511
902
8482
9841
2744
3636
738
13222
4912
6713
8485
13101
9823
13117
17228
984
4010
2899
8641
18800
16187
14440
1436
7303
13306
5935
1400
2403
6127
17579
11635
7079
13877
3737
553
11841
1693
19427
4621
4598
8104
6085
11916
1997
1314
12925
14977
1854
5407
12436
17336
10872
311
1231
11940
2549
11553
1396
2718
15262
3024
13117
4932
10078
656
1407
12142
2120
671
7255
10542
1639
10763
6489
5551
14345
8047
13880
17099
3562
11502
4276
19593
1187
2123
16423
3452
2767
11470
18030
6045
1377
12695
4983
8132
10055
12160
13711
17225
12572
10644
17001
5469
16144
8849
17645
3463
760
7007
15302
2719
16150
5709
9866
3084
10886
272
584
4607
8046
8506
15283
9996
4227
3420
6800
3947
8955
14908
5441
4403
15286
10709
7151
5233
14795
17298
15962
10507
17587
1608
19584
3671
4536
3189
9038
6266
6844
8764
4586
3970
6121
9854
12060
12899
5789
2679
16960
9490
7441
12702
8077
14755
4685
4250
963
5602
19149
2789
10070
9555
5202
5090
12189
7883
8521
18078
12153
18379
12731
11432
2373
4512
5146
3376
8418
7707
4838
2240
15232
7344
9986
17245
19788
5681
922
1084
15836
2281
5649
5444
9755
12568
9708
7751
8885
1522
8320
10720
10721
12214
12412
13004
10962
1902
2615
19753
2172
7083
343
1999
11686
16190
1478
10288
5428
5367
15413
8081
1170
5374
5613
2661
2560
16754
14010
6318
1280
6852
6263
435
10176
11347
12087
8032
3207
7910
3672
4801
5058
5548
8072
11676
13932
179
1685
1489
9311
12778
5302
7474
2205
6615
5242
12514
4413
2872
6740
9039
4054
11610
6787
11055
13709
10139
10916
892
9502
12544
8342
14384
9964
2869
15057
16351
10953
5096
10790
3318
2436
17668
4532
11319
12790
10446
11152
4817
3466
2466
15025
10594
2192
5163
1983
7084
5664
6501
12090
2392
3311
9139
11529
5037
7539
2366
14057
9231
9269
3892
18
3384
15260
572
5544
5336
11540
2939
19302
1131
14560
10633
2795
17182
3749
11280
4353
3074
17073
3594
11761
2092
19472
2039
3017
10578
2349
10912
1865
6118
11241
16687
4848
6576
4925
11115
6505
19532
5678
15637
533
9225
11990
484
6935
8669
5388
6432
15746
1481
11193
6433
8419
8752
4826
11685
237
12726
12884
7859
1001
12634
3995
10770
19034
3988
8033
5864
9617
4813
19966
16181
18869
8609
16740
1452
1136
7509
15776
1492
12890
9272
17967
5282
7974
9884
2054
5684
15502
3249
2623
7182
3552
9765
1573
597
2278
5693
7870
8780
1110
1906
7772
4914
2141
5004
16482
984
17580
13216
4950
8963
160
5161
1259
8422
18675
12199
2443
17117
3236
122
16198
8105
9031
19389
17246
2254
3628
6275
1646
16302
176
6899
19998
3812
4134
15874
18344
10080
14180
18964
6023
6821
9581
8530
9925
5988
8961
1163
14817
15159
5511
14763
10466
7869
19286
7676
5662
17304
5318
8222
11561
8423
10041
4007
3390
324
7976
4891
16142
17757
5647
14986
16876
9139
2521
8813
13973
7829
4074
1438
11072
1690
19278
3098
8969
33
9124
1688
19005
3400
13386
4070
965
3150
5191
1736
531
17993
4443
14703
3149
9350
12423
19643
16764
8229
763
3344
2867
5648
7747
1978
13409
223
9138
33
1941
8941
4618
11082
5300
3672
19824
12563
5435
347
11379
15020
18773
13068
6422
12470
6556
980
6209
1117
2479
12498
972
6741
18296
9166
2215
19861
5402
19742
9034
19446
11837
2490
3104
8106
8409
2880
5970
13117
4
19591
7316
3084
14076
8964
14450
6024
18547
6782
9976
8489
19421
10290
9156
7058
3099
13350
13740
1993
2629
5325
6095
8658
9497
13824
5949
7600
4198
5719
8038
7964
855
9546
8515
513
5472
10729
16710
7709
12458
4445
10722
7895
17759
2653
4506
9632
12340
15025
14315
3404
14809
1991
9561
12270
10753
5174
250
12532
15442
5749
2661
7239
16396
4122
1752
2785
9530
3348
3499
1612
8314
2440
15640
13599
16267
6733
8327
7703
15003
16262
19964
1719
3662
7457
18016
8320
10894
4020
11599
15694
16917
14771
8582
5592
1724
19089
12298
2437
4193
18973
19993
12495
3897
5560
1490
2457
4027
5143
16803
11792
5065
2685
5206
9922
12284
8310
3227
6593
19127
1395
2388
10774
12008
680
19426
3877
4157
9927
3923
133
12173
4155
19016
2396
12609
3844
3527
13917
5958
2133
998
5857
4884
10703
3058
10821
1308
11067
11843
15849
11348
4650
7968
15748
1633
16845
3697
7464
19401
1203
11656
6362
12022
5382
8271
6797
5609
3652
15504
15555
17284
1887
6855
11139
14582
7507
3336
8121
14437
9418
12623
11056
15677
6386
492
2256
15322
5497
4779
15159
8151
8270
9028
6970
5364
3543
17575
152
2441
16593
9669
4770
3534
10219
735
9550
2662
3842
1583
15348
11215
18683
16441
11694
14154
2754
10607
18994
12906
8805
6471
4748
10559
4495
6365
8701
16896
1157
17160
14199
410
3362
2301
7092
11610
116
5573
7513
2620
1235
11840
8622
1490
6885
7351
17915
8275
13458
7459
2785
17289
3336
1918
18525
15161
19566
19724
9821
14384
18985
19369
8576
10738
9904
946
10640
7650
10031
10259
4894
1872
11999
19411
12193
10950
9216
11521
7150
18993
16219
18685
279
1680
11130
4679
12228
8253
8420
3657
15025
8670
1114
11427
204
5803
11250
6105
589
4701
14519
7487
6068
7291
11997
13632
132
2819
9733
10001
3041
1179
12309
8728
11786
7893
4788
4891
567
10052
15080
3979
6065
8129
9872
8206
19444
2972
2145
7853
1317
579
8065
3137
1619
12436
7877
2334
7407
8930
5195
5949
8203
9161
6550
14986
16372
15282
685
11410
2767
7461
8819
3307
7285
2513
16452
19457
8398
11837
4724
1988
15950
8940
5095
5202
1106
10322
4304
11846
506
11418
6763
2941
4227
9491
9017
11660
12299
6270
18526
4132
11492
6840
15228
4449
3924
11879
11981
17045
915
4838
8068
2807
1282
13745
8897
2090
18603
7888
2261
6991
5116
9955
5532
6667
18915
17105
11635
11446
9353
11889
10718
8904
3918
1237
17915
7012
11048
1050
9220
482
4283
10480
10343
8637
3927
2025
8230
18785
8852
4291
749
2162
11215
18357
6998
3229
4577
4700
6047
12767
3748
15171
16838
919
10661
3156
4041
9101
6311
8993
6401
9695
17534
7345
7736
3536
5862
9419
13486
686
18343
5380
7855
11943
4137
2441
18290
15308
6967
6123
12978
18081
3221
13293
10861
3017
1313
11790
11550
7316
15499
19446
3386
8421
11444
17315
5517
1125
11655
3569
2226
843
5306
3692
11380
2182
17348
9397
12008
18767
9115
14678
3942
1105
1940
965
1163
5686
2746
13018
9169
15056
14218
4753
1673
13580
10228
10653
8670
2455
14003
13491
6409
14413
6950
11218
8211
8294
1366
3955
9614
11583
1959
3125
1235
6826
5593
3205
8825
1525
2503
12175
9178
18682
6206
14792
998
9740
9848
4311
4036
10908
15424
11271
10700
11439
6692
13870
6021
5888
376
1146
12511
13844
13713
3680
10704
5954
6300
6404
3791
5246
12642
1288
1874
8586
5021
8053
4424
18044
10775
13002
16470
2829
13799
13767
1394
4071
19690
2552
3265
7372
2850
10146
2032
18822
11570
9712
10677
13234
7701
8954
1476
4747
5890
4602
6640
888
12352
7790
13255
12821
1385
19820
8844
5826
2368
11978
11955
10414
7313
9320
9183
18113
5389
6596
8380
9132
3394
6811
14107
1905
19868
17856
18928
10034
12254
14750
8109
1275
19711
11405
17660
10510
7333
7319
351
18770
4194
8904
10248
5147
9905
5687
9336
280
12719
5814
7224
2271
19865
7259
6425
3704
17161
3180
7596
460
720
2125
8928
8396
6738
15529
7743
2433
13253
10274
967
11798
3239
16153
9609
17831
12322
2620
1763
7305
6625
2354
10334
3382
6799
15559
9384
7167
2068
10840
6095
8560
13710
18270
13601
12162
8433
10939
8006
7556
9983
17381
11451
6310
13286
8405
6701
18442
12860
17775
13593
18347
9787
12143
7718
5259
60
17367
2751
6558
5205
18747
5745
1752
18162
6953
11881
13750
4084
5945
10123
6959
14573
4025
3347
9433
10711
3413
9196
19068
1559
8264
2737
3831
9173
8645
5479
2804
16184
10564
2614
1868
1475
18957
19499
16794
7218
5862
11536
5600
12179
4701
5702
9371
1349
10580
18984
12329
17
16463
8095
6676
14667
5119
5124
5445
18183
1164
2425
13033
16219
6949
10310
15426
6680
1063
14709
10862
231
12142
2188
5880
9958
8894
750
18400
5312
13040
4241
4651
15534
11453
7101
8651
175
11597
233
3372
14504
2077
11765
6148
7420
10545
10726
9752
11978
17727
11430
16013
6602
2391
5944
2325
8325
16052
2908
12534
18742
17924
8550
7322
19716
2583
9854
8953
17821
4872
11096
14598
3954
14062
6642
8923
8789
19298
5071
18629
18355
4687
18582
6415
10865
12667
8457
2864
8007
19543
5287
12373
14591
136
19360
5292
4845
19891
1627
11957
8012
1578
5994
9064
7708
15641
9065
1319
5533
3376
12569
12642
2153
13518
10558
16652
2069
7409
11706
12225
10630
10272
2631
11700
10323
12340
14903
3706
4095
10954
2092
9688
8435
10570
15063
7981
9533
15637
6513
5407
14603
6865
3226
2567
2310
13332
10613
10651
6542
8817
2912
863
9337
7749
4085
13643
2379
10049
9730
10043
14932
6421
16392
16282
2988
1857
917
3819
3023
5947
8098
18140
19161
542
17836
1515
18656
9081
1940
12757
5748
244
5621
3267
3703
16256
18728
8980
636
12069
3641
4745
8482
18315
5767
754
1773
4901
9727
5851
2664
14305
10101
11350
1341
176
743
15559
15312
8790
14898
9426
18431
2800
1393
5189
3130
1448
2809
10597
5025
5594
12757
6745
162
10660
16930
7001
6640
8624
3978
10773
12770
5985
15970
11748
7792
2686
12610
9267
17294
3553
7015
14761
2311
447
8106
10877
6840
6517
6975
19031
10609
10039
3981
4550
11820
8856
5456
19335
11179
8633
11408
17616
5779
14865
3551
927
18603
4448
1046
4006
12210
2004
17452
4980
1315
440
16123
10306
2186
17728
9042
2465
2500
11508
7770
6854
9592
3072
12394
11411
2423
7224
3305
18373
11189
12363
3399
13663
12836
1295
13817
14105
17492
6918
18073
16712
11117
5651
17658
10252
11881
17183
1227
11197
12018
10026
7059
6386
2206
12082
2119
11766
11916
11685
14508
9067
12158
5734
2159
8540
1300
2977
5638
10692
11468
303
2372
15936
828
11176
10175
3221
8459
17292
1218
10400
16690
17839
19409
12674
4822
17736
2784
2120
4642
4920
10641
11452
3367
5307
4722
17325
6547
11472
307
3391
2290
5544
16552
9042
9607
4336
7458
11283
12585
13534
10030
133
5790
6653
2091
2669
11352
12185
13100
769
10098
7594
8113
4078
18696
4480
4837
1131
11801
2675
12408
7553
6238
9095
15674
11767
4520
833
8540
11167
14747
4461
6919
13634
14796
9323
14233
2892
2140
17885
10019
6424
3985
1522
6883
3993
3545
14191
16194
14254
4798
4706
14541
8099
3880
7718
7509
13030
9909
6901
8773
14704
6329
4465
7238
7952
3702
3697
7444
11127
1818
5901
6590
19910
8218
6280
12160
1207
11442
6751
6881
7565
12250
19605
2859
10140
2216
8476
1454
11097
10792
11619
1524
6688
3003
12707
4578
13319
5938
1544
2419
10885
8681
10367
14100
9698
1988
4292
11007
8062
4043
19240
12153
5121
12613
8868
9834
2822
5301
14273
6847
11877
16695
14596
9249
10405
6873
9722
8628
2078
6682
14086
5103
4176
18083
10189
12702
11909
5159
1278
10201
9863
60
17346
1666
7554
5015
13448
7649
12087
12553
3854
192
16165
8891
16590
6885
5943
11563
6350
9011
1454
10084
6469
4991
9805
734
12878
16947
19239
9339
18575
11141
10409
6333
17062
10549
1447
5864
8216
3112
4071
5978
729
5159
19631
9325
17819
5687
11888
11593
10967
8055
6319
6505
8828
7900
12311
2708
1786
6860
10336
10648
2509
2171
17533
5061
17451
10025
9961
5007
268
8280
1711
15714
2556
14287
12828
9987
5185
7696
19782
4074
13325
4185
13656
3585
19683
4893
7492
12667
5033
11328
423
13109
13330
19028
10331
1038
648
4023
3904
9574
10620
5992
6439
1719
6222
5582
13956
10774
17818
5735
10737
1480
712
8528
866
16868
2546
3354
2413
7405
12116
6407
5141
10796
3509
4392
6395
8879
11863
18102
1731
1827
6976
2641
10951
19315
2759
11452
3326
16094
15998
16181
4363
18874
3489
12149
14693
19178
386
15916
2633
768
10065
858
7778
11219
6670
2797
14580
4095
6608
10526
4011
19616
2033
8170
903
19180
735
18705
1667
2099
12227
13425
5994
6679
15087
2208
2297
9547
4553
4299
10514
7501
16218
5072
8197
868
1430
16798
2239
4792
16233
8424
11728
15923
2406
5004
17054
14587
4558
1318
6283
18381
5698
8179
4998
5144
4778
11335
181
13215
4161
15469
15837
12173
9286
16610
6679
10741
324
6960
7987
6128
15164
4396
15209
1014
8631
10190
7588
14168
3405
435
429
6276
15060
16404
9241
8182
19370
6564
10801
12702
2241
12717
10725
1942
12750
7432
3920
19743
15343
2941
8938
9697
8128
12672
12432
11359
700
13256
4723
9147
595
4367
3938
18863
12880
3147
10617
1223
1511
2095
7655
18432
15746
10112
13024
17633
5928
2200
4424
16827
12401
6877
19002
8609
15693
1887
9018
9639
3597
7283
11937
6108
16984
15826
4290
2664
3950
18705
6751
3364
9690
13759
10189
10876
6618
6976
11847
11590
11214
14444
11414
4383
9634
2759
5051
16873
8731
13374
19938
15814
3459
8903
3975
6995
3732
17461
9381
15942
6983
9693
19298
3526
19930
10092
7196
11180
17955
4485
2034
9821
6839
10396
19154
9316
11864
7059
5223
3857
8418
10104
574
10516
340
5530
6844
10808
7840
6319
16450
8704
145
7976
15643
5987
11327
14031
652
12231
5075
9062
15224
2622
15803
10687
7862
6434
10605
12570
14452
8753
17307
9442
13959
18889
4826
2599
19513
10211
6610
13849
10386
4400
1062
7273
7202
17620
11585
2912
9108
11428
2756
10683
1554
6720
2482
3117
12632
13361
16823
10099
634
6113
2716
14230
12469
12285
10348
1859
10518
7692
5956
4202
18188
10988
1277
1017
16655
657
408
6773
18765
14076
6925
4573
9656
3133
8788
9887
5137
8393
8176
19543
2931
5849
7807
16172
3359
8264
867
3080
1355
15563
9325
10395
7273
9870
17326
11726
12409
5458
4413
11752
3470
15528
5735
580
6658
1004
19706
364
10233
8802
9007
13277
17301
465
6043
6907
14302
1666
8725
2350
10319
7031
3237
10915
19937
19724
14129
12707
6905
6671
2214
2225
4721
4574
14024
8262
9255
4836
16058
3853
7655
3604
3117
12766
12665
17825
12265
12475
7850
771
11260
13772
8667
17898
10052
346
7820
19903
1598
8046
3847
19840
1037
11431
588
8983
6090
733
1567
16191
8974
11289
12020
790
992
11953
9206
8385
543
6085
15898
5603
19726
2234
17223
13787
2435
18745
15745
1504
3566
19847
12666
3100
5641
19779
2327
15500
2916
193
17284
10292
5421
6313
7287
7330
5346
6638
11141
10729
19095
8112
3527
9625
12070
3409
9770
8449
3353
7800
17881
133
3320
6535
14059
2717
16627
7612
3308
2611
4942
14089
8588
6650
9904
1428
10602
16399
42
10638
8414
7728
13672
18869
5161
10815
18457
2056
11357
10997
17150
9133
16044
12071
10836
10085
5521
9242
10433
2442
11777
7781
13760
654
13392
11210
2765
1842
8451
5684
1168
3017
7768
8688
5866
7531
2871
13355
2976
2648
18296
7600
170
18770
6929
5342
8314
4953
4742
6890
8269
646
3631
14682
8723
1671
6407
8669
7422
7164
506
6315
11500
11926
1677
19968
14805
8746
13610
5943
9172
4280
10930
5320
2901
7135
14881
19714
6338
14684
11744
9703
5485
16839
9645
5962
17565
9708
843
2921
3130
11402
3017
1162
503
16301
1107
10519
8225
13259
1978
17945
7275
5761
2564
1046
7831
17355
6356
1163
6021
13606
1208
7079
9436
1734
2708
8781
13016
886
15634
9383
13913
1267
12646
12074
4327
13094
1058
10191
4167
10054
1919
3243
6975
2218
3302
12562
6057
1423
2689
176
4090
6830
15685
18244
3311
5978
16124
10971
1723
2108
6516
17135
5171
12335
8169
12644
4118
2811
15027
13118
3742
4209
560
7459
4647
5099
8975
1941
11746
16802
12865
7915
2264
17484
5152
3316
11679
155
12541
4875
2559
11063
2186
12313
7073
12886
16012
17134
9403
9505
7774
7101
11134
13511
7142
4122
3356
11101
12216
4917
9370
9820
748
7283
8954
5017
3617
12240
5573
9250
15022
1815
2778
16222
908
9181
11161
5602
10245
9857
1934
15250
15323
9764
831
2909
248
9576
11156
471
5849
1515
6473
13974
17850
5696
6485
12428
16351
17553
15703
12647
8744
12086
166
9609
6674
4595
6517
7560
1517
3029
2920
5669
12193
1324
15929
18990
11647
838
11721
4242
12266
12654
19208
15463
5026
4009
2178
2430
19892
12685
4783
9665
6530
12191
8121
1265
9203
10771
12524
3010
19195
11682
7487
4403
11401
10123
4293
8271
7987
13898
13714
4229
6818
1848
8493
2120
10781
14824
17274
5126
9269
15357
11365
1256
16086
10380
17805
17550
2248
2517
9942
8903
3689
13216
2989
4180
9995
14330
15162
4442
5260
9261
5255
11337
14426
7968
11090
8944
4034
16947
6932
3100
18013
16953
4303
1077
7225
1107
1530
2839
16361
17233
11532
11056
1356
7847
3465
2974
3518
7473
2543
8359
19873
8102
1152
3413
201
12478
6830
5336
10282
932
11304
9721
3682
5913
13830
4415
10182
16110
11062
17828
2286
446
4196
15221
671
9231
4107
2315
18780
11208
1823
9741
3115
1647
10134
5698
18825
6665
18617
6167
8205
3537
4462
1908
15101
11573
2179
19263
17299
15027
10394
8462
14798
7510
6840
1548
12216
10000
10636
7283
1082
11479
383
16548
8386
9023
383
15911
5168
2715
12427
9637
18595
6035
7167
134
6822
7556
12957
2476
15801
2011
11903
4236
12705
1904
12511
2896
1456
1762
11618
8205
12531
661
12520
5605
9501
6638
12309
2556
3670
2635
17309
12187
4355
3138
19633
2887
4660
8384
7308
10846
560
12958
5724
18198
7777
9699
13489
8214
19807
7868
6151
11730
2653
15420
18995
903
2389
17108
7471
3226
4500
9328
12614
11888
1574
1303
1534
4973
5696
3936
9448
1102
8560
17204
15913
14181
8580
19561
8966
4696
9724
17880
7250
8057
3313
547
7479
6371
5090
9256
19653
7992
9090
17219
13534
8445
2916
5960
6461
19218
11042
6684
6666
11603
17200
15830
446
6801
9411
2744
10135
15630
19616
