10000
20000
811
8716
11631
1070
7446
2148
10679
1750
13680
11951
11163
15602
17725
4453
9040
14465
5973
975
19766
10705
11708
1233
2220
6534
4991
6804
3573
15882
9587
1908
8110
4024
9454
7630
3468
14598
1922
3432
14552
2453
93
2718
4907
9178
10946
6928
9479
3146
2309
16876
251
1384
18408
17244
15444
14638
5176
2768
14243
12956
15303
18634
9427
19139
4840
4428
7079
6929
1517
9953
13014
218
13632
301
4453
1675
10755
1078
2312
1070
8040
9648
10745
17244
5839
5449
6100
7846
259
7385
18104
770
13747
13831
5854
17590
3954
3995
13143
10149
8878
14824
12935
9981
4400
1558
8899
636
7128
11504
13195
5381
12662
1618
10568
3719
10344
19280
1508
712
13079
263
6508
18292
6672
3268
19879
12520
12643
6102
2387
1340
2973
13493
16548
9748
9670
12687
9083
14757
826
12374
8680
12456
3912
2763
5248
4000
6284
5128
11580
1931
2572
14193
2551
3946
1077
8441
9349
14609
2228
5395
16212
4269
6323
7135
8677
7832
1113
14768
359
19423
3392
18047
17911
12813
3925
12402
10360
9663
6034
18954
8820
4967
13147
4080
8305
8381
5819
7645
1938
15913
12892
4171
531
3857
19464
2655
2274
8386
4802
16531
18749
9472
2691
12452
12623
14510
3702
17505
2154
4509
3827
9678
8324
19124
10844
12475
6514
10627
2233
4905
13445
6024
17523
14070
7462
10014
6482
9292
7346
329
12280
1582
4790
11970
19066
5245
7146
8674
12482
5453
15853
11792
13606
17484
548
4011
16101
4044
2737
1942
7975
8276
2261
4839
10642
19915
8102
6574
15020
10944
7567
19493
18419
8409
5226
2364
1950
10114
3934
2273
8370
209
11193
8690
11171
6587
16844
2307
2065
18329
10440
18573
11486
18776
2140
13628
6704
15875
12523
16823
10731
6609
10896
942
16332
10382
5778
1094
18790
938
8037
19812
3869
11683
8581
11834
4803
12468
83
5299
9045
2523
14830
12384
6453
6987
9424
18433
7334
3766
2542
3507
10058
2711
13420
8349
763
15747
16676
8056
586
6702
7093
1633
9723
6364
18475
10080
11870
10798
19571
1813
13451
11465
5626
232
1189
16453
3050
1133
3019
13051
18949
3290
12990
8012
19357
1224
854
400
8825
4299
9123
16581
4103
3922
7237
5620
12001
668
14986
12354
8898
10977
9931
9340
13222
18427
3717
7520
10083
6681
2488
2539
15976
12290
3073
4230
9978
3849
11224
7887
10409
3093
4201
11016
4660
398
8722
4002
19265
5831
5858
2568
9786
525
14764
748
5288
4435
18382
13490
7409
10331
3332
4222
12369
6085
14635
11581
7450
1879
9814
5558
10283
4400
7474
14479
2482
621
15355
5407
14881
7255
8667
1976
6545
1267
11398
12400
10169
7943
311
4468
45
15949
3079
6667
5847
6937
18
7083
10998
11274
43
12254
1817
7635
7545
9938
1114
17223
15480
1379
19675
15014
9455
4073
4385
8778
4914
5890
13490
5327
952
9053
2831
4934
890
18859
7570
3800
15121
6246
7975
12763
12492
5086
17354
13366
7635
6088
12228
372
4607
5574
677
16939
13974
8084
32
9
18631
10455
14313
12420
4234
14342
5967
1758
8629
4662
5978
5081
19390
10311
8323
1216
6611
12656
8214
19922
16219
1194
11784
1613
18186
19295
2200
2014
9831
2801
9415
2219
11966
2986
3447
18972
10404
18695
7781
6733
19791
15587
2950
5877
10289
4549
10115
1811
88
7369
11924
6781
12550
19248
2174
10025
529
11495
16460
4216
2650
2743
7214
5733
11502
9713
17908
6961
3263
11735
16425
10475
7808
12491
12112
738
1602
5497
1247
4491
6705
2052
4990
113
12206
9969
15614
17760
1419
469
12953
5903
16072
13695
1773
18417
9296
4517
6456
5050
17394
8816
2643
6673
13281
16646
13294
18138
12362
8187
12207
13344
185
4407
1194
3845
3242
12646
14144
42
12272
4930
7383
1661
10056
19937
4028
9509
731
8926
9595
8591
5398
14856
18075
12086
11209
11436
18074
18772
10689
6147
1611
17227
1413
17019
2226
4753
8339
6759
7931
15167
11673
11238
7198
11065
15347
17012
7507
13019
12199
6579
8501
12392
3426
7735
11417
19314
10992
7892
4234
10024
17182
9704
3435
834
11216
4584
14284
142
2657
8587
2505
4504
12605
9561
518
16539
704
11729
8330
4330
6189
8765
8862
12413
11182
3830
6724
18493
1967
11927
14072
13198
1529
2147
8711
11935
12047
4981
2546
1234
12138
5675
449
5260
7989
8786
18279
11035
3976
2160
3513
3595
12357
8884
8110
2375
6387
9085
3414
15599
638
4333
3322
14590
4203
3564
16599
8601
764
12667
3930
407
11817
4063
10778
19411
5144
7146
6552
1426
2722
12104
14360
6804
13061
751
9885
9917
10313
2404
9029
19681
17908
8013
6697
1649
3691
7002
1619
4744
6927
9746
16029
564
9203
15519
1262
10309
4095
4984
1459
8503
9126
2163
3071
5791
12296
295
11266
9367
7783
1186
8171
10089
11849
19056
3421
6814
2034
9542
13651
4580
7263
11505
13715
225
8130
8610
6099
6074
961
3062
19791
18050
7853
5894
7205
2691
1219
11092
19383
8973
1637
12400
13566
2017
7702
10125
18926
10909
4823
12296
12398
933
7364
4273
18068
2902
8750
10401
16547
8970
4566
4250
2851
17003
19887
6428
8612
9944
10928
13293
2034
14743
11036
3206
536
13728
17874
7070
4852
6982
2899
2103
158
11396
5527
5866
9144
6028
10926
6451
11988
494
3671
11836
18153
4522
4226
7083
15571
3062
14151
5771
18765
1070
7619
10331
6991
1023
9174
12313
4583
305
3421
4300
121
9400
14447
5140
13207
12025
9146
6353
14399
3517
3132
18454
4951
13687
3425
7980
649
18933
3551
11206
8094
7337
12114
10696
11740
1076
2809
1463
479
10071
9869
1023
5305
11449
6757
4134
1033
18935
17611
12659
8348
3983
6044
4382
8711
9803
10817
7735
10080
6446
6192
5462
287
6848
8802
18021
5111
3065
5459
5007
13876
2159
5436
135
11316
9887
3952
7001
2374
2557
12376
17489
6532
18140
4367
4781
13871
4861
3292
3459
1614
10328
16307
6514
19046
6827
14443
17290
16632
10309
12669
10010
5086
9137
2401
765
1892
7363
5769
18308
7654
5379
1978
5922
18701
12541
9997
9690
9384
4773
8522
9065
6668
3915
8063
7219
12588
12258
7652
11982
7351
10896
7151
9488
6165
8565
9365
13305
3359
4059
15271
11968
17344
3810
4040
19839
15504
2344
9232
9566
4874
7675
4962
11425
12018
5311
4493
8080
2569
9278
19525
11306
11980
8754
11551
5800
9840
6387
1871
6642
4638
14305
994
16773
12590
6480
1434
14080
10181
247
8301
11441
14477
5623
9084
1442
8729
8460
6868
18946
15157
10709
10247
14037
9519
10883
2920
8955
18889
771
2856
8162
10009
4428
18643
1931
19047
3175
6121
284
5795
14785
2302
2762
11306
15666
6449
8517
8759
3147
19789
2849
2729
8833
5249
11912
19864
7356
12703
3841
16758
2110
7735
2047
6344
2132
12785
11529
8578
8670
15309
15820
13540
17566
4570
5859
7447
3235
632
546
12197
9458
13327
12165
9402
8153
6284
699
5503
5780
5054
17458
11409
1947
15477
10977
8643
19889
693
11768
12025
11661
9757
2088
19967
10503
17306
10706
8428
11522
13226
14992
10651
10555
11954
19685
5507
7094
13119
1894
4284
7907
12989
17221
4240
4050
15832
10593
8962
18780
6806
10960
19202
7533
8241
6215
1452
11346
9878
9391
9827
19335
2142
9512
2161
7134
7311
7546
7579
17998
1842
6560
16646
14721
2227
12659
1165
13339
2107
13335
7485
10188
9965
3368
11670
16660
11394
12130
9730
8153
6052
16115
2355
3242
8845
13026
14591
14033
12670
11068
9434
18203
13790
13186
5623
1350
5657
947
14302
12495
5620
2907
12524
1336
10641
7065
9966
7804
6791
9489
4667
4819
15071
18262
12308
6500
7278
11253
5628
10861
6773
9378
18328
18963
6619
2595
9605
7691
5029
1375
7516
12580
6779
1508
9447
16986
7546
6075
8064
14716
9401
6444
3181
2776
2268
12560
8350
6283
473
15642
13858
7531
4463
325
492
10992
8768
8573
9578
2246
14802
877
18111
16884
5705
2603
11749
10506
2721
8229
4453
5068
1135
15178
10322
12064
18453
3384
9192
11993
2247
8905
7688
8098
18817
5565
1136
18922
19461
16166
7420
3825
16598
1269
7903
8150
17141
5384
15520
30
9214
7312
3829
13220
5761
19140
6496
260
3298
2759
6988
1413
4432
12250
18117
15850
19013
12705
9979
12375
8707
14454
9301
14307
6441
19249
17684
15810
8311
13074
12207
10608
10631
6452
15400
5757
12296
7505
14705
3547
16410
12053
11168
15624
7947
18148
4275
8219
6931
394
10180
9361
17297
11015
9515
5877
14755
6391
1686
3217
9992
162
3081
983
1591
16424
9046
15949
6075
6250
539
15644
4565
281
6302
11320
13424
3104
648
7406
6082
11536
11109
5646
2343
19151
10487
19325
4669
1919
11421
18713
3744
12400
10312
2347
12803
10117
11927
10990
3219
1543
4951
6114
1708
4108
12540
4655
3351
9349
18782
11449
5450
14539
12180
10920
6206
8967
4465
213
8175
19939
11841
11796
214
1267
13122
12356
7686
835
11875
10295
5095
1888
11485
7586
8950
7846
12403
4004
11002
10381
11115
14230
10116
9298
7946
16022
334
9062
6289
8244
2736
3897
14106
11417
9762
9508
11632
2810
4053
11226
1233
19969
14928
8748
11813
2997
16268
12382
11228
11663
2126
10958
7145
7164
5095
19518
15775
9553
8654
6533
6159
2354
1912
3194
6656
5984
4605
3899
15787
10278
6890
4353
11323
34
8421
14852
7431
11124
11877
19022
7789
2152
4333
14336
10030
10275
8108
2086
940
14031
4182
12508
2403
2855
17504
11037
4138
10593
9438
9712
10889
12703
8349
18161
12440
8276
10367
4192
7963
1046
89
16715
7071
11143
10478
7805
19987
8355
5738
3235
5991
18666
10719
11075
3173
5899
17407
6587
14642
12565
10814
10714
12067
29
2212
12705
1087
5325
18037
19255
89
4915
10689
16528
5802
19301
9738
17147
12592
14805
4506
2381
6921
12121
4544
3121
11981
19639
2222
5580
3534
7602
14996
1938
8113
3576
14970
2923
18282
15111
10559
6562
11385
17955
2325
4403
5222
8441
9305
6642
6013
6096
18099
2748
11466
16980
9330
8031
14931
13602
6948
4168
9624
16402
10104
2447
12107
17736
7508
4165
5711
9945
19542
18361
12019
11230
6348
6701
14475
5371
19921
11836
6546
1772
1837
6279
6338
819
2924
9220
13487
7620
986
614
10694
6348
2275
4267
5257
1670
7885
1127
2344
8828
5681
10931
14750
573
15742
6357
12753
5283
10348
6767
10311
18913
16513
5959
4456
12367
10566
10297
4472
4597
19207
6367
9042
4281
15660
3451
4131
8680
11322
11690
13355
8518
14921
11817
7700
8727
3428
6725
7152
1129
5666
2276
1556
3207
11783
13492
10486
12574
9977
17206
14536
10509
12579
3914
402
18191
10732
90
7889
11304
1909
10310
10129
1393
9525
1523
8811
4899
9493
11571
7583
19782
1738
14930
7121
10647
4469
17157
835
9082
9661
8851
11221
1637
12007
7233
5023
1064
18747
12766
18283
8989
14742
11859
8562
4820
2542
10121
9693
12444
8425
8471
19096
2032
12445
19794
16437
7527
11334
12883
5351
3450
1672
2631
6361
2867
15562
1338
3825
19802
8975
256
5192
415
8244
6089
5223
15623
5035
642
13472
12247
9113
18187
4018
897
2450
3196
1530
1521
16303
4246
5625
9462
7157
5515
18218
3857
1253
4429
2240
767
7010
9208
8322
11175
6311
4863
6726
11778
11620
151
9710
8269
381
16357
3652
16080
18273
8264
15319
12300
4938
4165
2227
359
14201
17431
9346
2870
8719
2356
10212
17007
9228
13693
2735
18860
1704
7693
360
3486
466
19743
12253
13079
18220
733
5512
6742
6147
5549
7779
912
15503
11514
14699
10531
5519
9570
17655
8475
4769
17541
12821
1024
17252
11816
18857
16901
19886
1741
17925
402
525
10707
3078
4012
13022
9485
8852
5961
8623
708
4248
5942
7893
16202
1563
19364
16300
11621
9186
5078
3378
5592
17963
12012
1794
12945
9702
1804
722
9045
4660
13333
11532
13899
19522
7012
2348
10123
6369
6275
19038
6820
5420
9044
9172
6864
13081
7393
10826
10072
12571
7393
11227
11463
14206
3081
4351
4944
3648
5913
11243
8222
17551
18081
4007
15903
1511
18327
3693
10575
15272
12442
14279
6534
121
484
13573
8706
12958
146
5857
17139
19034
13203
18323
520
1862
5105
4435
19708
4429
11874
114
16607
5325
4366
19254
14566
11566
4510
3418
8115
11743
10377
2018
8226
1461
15293
15263
14585
9411
4303
8
3533
2391
3364
12914
13012
12987
10107
5108
2094
12838
19873
14238
8114
10150
8594
2131
19001
335
719
586
429
10943
18213
7944
11536
8985
17111
10043
5004
4094
6001
9911
16767
17354
9036
4881
11298
13076
4032
221
6525
3332
11468
3847
11532
11473
12167
1043
16816
8290
12420
8662
86
1472
8007
6833
7367
989
19883
13648
15349
3176
3598
4679
17312
2923
9987
4039
12619
12139
17814
7171
386
7421
18525
4646
8840
16648
12099
2416
6882
11263
15380
1045
1765
9210
4040
5939
12352
7737
623
16215
3114
19033
9376
815
9673
11762
3522
9069
1863
854
9079
1376
7861
11978
3211
6738
5820
3073
15936
16226
12104
7677
1207
12767
563
709
17278
8841
12691
5477
19421
15047
675
3017
2302
1767
9618
13591
2784
4122
11566
12719
9370
14572
13326
12003
10767
1860
6977
8822
12374
10463
15578
16854
11814
6029
13688
12569
12611
2664
2008
9657
19436
14616
13593
10992
13569
5609
11411
6258
3989
7751
3607
9132
9687
3742
3492
12320
2271
14451
7855
9245
4027
9442
2735
2401
4951
2966
460
9294
7151
5323
9030
13
6900
6563
4004
6726
8287
10122
579
17434
889
7371
283
10470
13254
14958
5264
13113
1877
3352
2717
7600
4040
8257
11968
1589
1444
115
13382
12668
4696
19975
2677
17177
18349
4160
1692
11266
18258
9412
1147
2921
15844
8638
6001
14390
4447
19541
15113
9926
11272
7338
9636
9957
8406
7252
165
15980
19652
1179
1535
5147
8503
18870
3135
18837
6160
6149
4088
4638
7505
13902
8402
13877
1519
6073
5587
11986
12635
12362
2473
8126
7984
1281
12636
17525
3644
8627
6550
8028
6543
4263
7183
6466
2981
12272
1850
10809
5779
141
10737
5841
6740
19265
1666
11288
6416
14131
438
563
2801
11846
8038
1211
12613
11062
19548
1560
4658
19831
5002
2783
6621
174
1933
9803
17529
13996
7071
14268
2960
6445
1599
7314
13363
4725
13217
18728
9345
1669
5141
1937
3225
7200
9304
5268
1600
18657
4157
6758
18576
19096
18970
651
5767
8584
17810
12845
8235
8642
14469
216
19294
1471
5978
6011
11462
288
12136
671
6649
4710
3622
9668
10571
5649
3961
4512
8919
5976
9591
16791
11983
8205
10397
11866
1860
9102
16182
6719
5107
18827
2053
548
13910
12635
825
5090
4582
19516
5998
11411
8817
6447
12995
5220
959
10736
6495
7449
11620
9334
13857
7075
12614
12494
12492
2018
1387
8503
18832
7067
10378
3486
791
11447
14542
3448
10740
12225
15721
6753
8108
7837
11103
4471
6945
7337
17198
4021
2658
9013
15358
17744
15381
12002
5964
15316
16959
4828
6678
7964
9657
10199
198
5108
5683
2762
19232
4590
9669
8526
1801
4358
1338
2197
4605
9078
12347
6507
1551
10617
16700
15662
3325
9089
1928
12172
5915
3574
6766
3840
17597
1364
201
2476
2945
18660
10224
1398
9090
12214
4738
1315
19198
3779
8751
7635
10722
12197
12647
1122
8506
19187
11363
7514
1786
13950
1685
19929
18571
2189
3376
17958
17078
11448
9655
10930
914
8198
6407
2385
15534
5799
5188
7958
3742
1713
2980
8816
13926
7388
11709
12389
8167
3644
7888
7282
75
4545
4946
13824
9490
5168
12286
1446
3899
8127
1020
1570
15858
8563
3024
3348
18587
10298
9603
6496
5186
11176
9617
11297
7297
6450
1047
9422
1166
6987
17082
14734
16138
5794
9656
4155
5386
11768
4720
11160
7139
6786
8784
10450
8983
5379
14594
4504
15810
17830
2518
1177
18275
17662
5518
8769
8683
10047
7051
5844
2055
10233
9946
3303
12686
11479
3103
193
10730
4796
15933
6548
18950
6136
11243
15995
2651
2285
14134
6963
601
2148
5046
6297
6136
8526
4338
19207
11773
6012
12690
14254
6539
12413
14280
3475
15503
15323
5758
10185
11145
5076
12446
2418
7324
3129
7108
19445
9748
19241
18692
3358
16666
4171
5946
16824
9657
9133
5462
1483
6094
2112
6883
13462
8081
8879
3612
1099
11749
10979
7438
8589
6178
2521
13739
1706
17789
16350
4436
2712
6012
6992
3811
5521
3548
17523
14396
6702
5342
15637
14001
9829
11478
7747
664
14018
1297
5768
8269
2919
585
6506
11142
1603
5898
5058
8859
17171
4482
18782
17234
4988
4938
14297
3532
4036
11095
4693
8914
14387
224
14974
4636
8300
10829
12254
7175
5451
13027
20000
18772
7199
2546
11589
3680
7172
3227
5864
12583
4167
19073
3346
3320
13368
13943
6236
8695
8686
12227
8105
2900
11775
2485
17631
5007
3546
4587
19369
7208
3498
4032
12046
15209
18634
15704
1390
5042
3913
1611
12738
10951
13405
9076
17361
6459
4998
12665
18674
3100
8009
2937
4581
10172
2505
19767
4880
6786
10342
7337
12763
16436
15637
1758
7626
3395
6210
13971
19933
2868
7720
5652
425
15731
3724
5075
8084
14230
17693
9130
5491
7346
9740
2288
3652
13888
1963
13629
8778
140
18823
18429
10508
18179
8325
11415
14316
13179
12574
1563
11177
1376
7930
19405
5524
8258
11021
724
4402
159
13780
1889
4118
2226
367
5183
16475
10392
6204
10623
12164
6502
8950
289
17845
17869
6994
1058
12174
137
11894
11304
6250
5196
11159
847
15419
10061
12089
7216
15139
7119
1797
5110
2771
3635
5577
4065
8612
12606
1331
5686
14199
11336
3276
11180
14413
8585
16052
9271
17573
11108
4769
8019
3449
6609
11927
5712
2743
12235
13542
17120
16288
12862
2023
10721
5987
2126
15348
7211
18327
1096
1354
4280
12058
297
18015
6903
19789
5520
6115
3023
4907
16965
1625
17907
2701
6
9266
5354
9216
11605
17357
7771
18241
15555
945
11803
3549
3355
15014
5974
5515
9615
10327
7487
934
8610
904
4632
7948
11514
12311
7040
4888
14308
2708
10240
3871
1892
6720
16116
1804
10723
8103
5113
18556
2711
16796
890
1562
402
5273
9243
17240
8490
12979
8610
5106
9995
6111
19081
7266
17055
3208
7204
6243
3768
16395
11826
6758
1955
15737
1030
3798
1709
18474
5394
1964
2258
1249
2744
11377
3146
2179
7281
503
2930
5783
13177
14102
16668
19325
15265
11592
1974
11886
3314
1252
11706
6423
5313
12795
11995
5044
2584
9267
2410
10991
7935
7590
4236
3254
10508
13434
5500
4381
7888
3935
18559
16953
7868
13771
12108
19896
6808
18102
19287
4864
5698
212
1282
6350
16422
10581
387
2347
9954
17533
1939
10766
15126
7268
6332
5204
15086
6190
1568
5888
1936
8873
3113
8146
11588
7977
5524
17001
4870
2210
18588
13176
7532
9738
8616
5097
13944
8652
6996
8789
13469
9772
15136
3807
12433
8926
15579
1235
8535
6117
2253
10530
16137
18284
4743
5530
9928
4134
8459
15175
16451
8199
9883
1293
12521
1694
6627
12480
9743
4409
15493
17257
1216
19639
13640
5946
2855
18731
12192
11691
15133
11542
2492
10268
14740
2305
8178
1481
2400
445
7114
1548
11624
13050
10829
10966
5519
9801
6732
9836
13219
13491
17200
12385
7971
9878
7588
8374
3536
11715
18500
15892
13082
7737
17413
19654
10599
18239
18561
119
740
18659
2793
11375
3532
15381
15657
11853
18072
259
6074
12163
15148
7635
11082
5011
16894
8482
12844
12109
16389
10079
11711
17670
37
7367
11711
8600
1340
10558
8686
19004
8908
5778
4224
9736
2854
976
4553
10888
13947
2819
5830
4285
3843
11280
5454
17721
8905
6994
2071
6294
6396
3191
11145
14297
5878
10039
3043
2378
11498
10903
687
208
6480
10658
2470
4302
1649
8322
14274
1216
3601
10785
11208
6388
10686
3267
14578
6537
11613
13279
6430
2665
1615
13121
9305
14789
8870
9985
5865
3316
12074
5314
17116
12011
10793
1866
8788
10875
9506
12003
1999
7726
11408
15478
376
6783
10135
16835
9295
4764
1008
448
15577
1085
5941
10808
8040
7138
12267
1150
360
7406
15442
19765
2639
14437
334
9826
18466
614
19091
19308
12550
8744
6738
4537
8301
18070
19717
5160
15325
6378
16380
5166
10432
11244
806
1585
16845
5543
13247
6566
10745
7695
9820
1867
2334
13717
11351
10211
10823
1734
6138
4693
14560
19879
7341
16387
15680
6513
33
8587
11572
9868
12632
14880
10410
5420
9018
9030
7330
15950
1209
48
6964
5361
8191
19161
17857
7829
8476
2244
18140
16116
9457
9780
15381
17411
8731
7467
14473
15431
7521
1860
747
19928
4125
591
6192
4022
18154
12815
11517
3277
12241
6196
2993
11403
12147
6361
4050
8187
3029
8702
9497
9929
10927
10596
11708
2132
7572
5002
7903
9042
16159
14121
4282
12999
17441
16850
5257
10051
11628
12547
3542
4190
16351
395
11303
12180
816
12579
5095
3489
4091
10376
12469
10235
2733
4794
2350
1042
12750
5303
10459
8616
2994
7221
187
4497
5854
3457
2510
9097
3162
15002
12423
16023
3004
8812
8399
2182
7470
1326
18361
8637
1893
11611
13129
6691
18433
8272
6531
117
1539
9930
15125
3555
13682
11869
1348
3278
16555
3765
7959
2113
2315
1357
2054
13394
13886
8400
3745
18487
11846
1586
17791
11977
587
7534
8813
18777
3589
5790
11122
9845
14505
3996
6148
5849
11415
4252
8302
8245
8960
10213
6268
5411
14488
5491
3980
17125
11839
5198
3604
8000
591
11208
17746
6363
2085
4057
8120
6870
12367
16507
6805
1386
7834
10628
6274
15620
9689
9415
9232
13440
9173
2186
17204
17895
9847
17381
17392
7017
11926
4959
12737
12986
5121
15207
7466
3628
9451
3413
10915
8400
9241
12287
2977
3179
17165
2043
9508
10042
3377
12344
14435
2950
9986
6459
728
1061
7170
12474
10827
9079
15899
8057
1631
3835
12692
5768
18303
1812
5206
5849
10022
1696
1755
19395
18385
4338
10363
2936
13893
7188
4885
12423
9087
7070
3648
2288
832
11765
8304
618
7701
6597
12199
1815
3112
13532
864
15010
2024
3467
5788
9630
601
7678
6059
18494
13883
18486
1978
19860
3195
2186
9695
1738
6012
2306
16326
19714
3
2223
12633
6062
4613
10764
8720
943
4658
4885
3038
16686
12510
4585
5399
9339
18003
4321
3075
10185
10744
18222
484
11846
12447
11060
16359
1244
12913
9673
6412
5097
17530
11
15381
222
7509
2820
48
7097
8853
1598
8453
4483
5753
12902
13854
10345
1613
10499
2329
16699
5119
2356
6576
1479
15176
6890
6499
11826
12375
10858
11754
2812
12893
9761
7612
1681
9979
4677
222
3790
5707
4431
18348
6489
3696
2362
18729
8799
14846
443
10887
12973
2505
14206
14870
7662
1712
16420
12044
1543
9094
12062
18584
787
2371
9768
10695
8959
14959
9990
9970
12549
2026
2272
8110
17961
12092
11421
8753
11638
14080
5441
11653
8342
14350
10533
12206
14547
15341
10682
13531
5616
8181
11230
10895
17735
13510
2618
9068
2209
11338
4161
16708
5687
8651
6601
17888
1323
4340
11975
4877
2117
12488
10444
10601
13774
8678
7074
12112
2607
3383
1604
9031
13671
16861
12512
6597
3151
19579
11790
4709
8750
11812
11565
7309
6299
9381
17026
16443
18933
7026
7664
14740
8740
16209
11926
4012
5710
8392
11307
9269
3097
4423
10938
12456
2500
10006
13501
3060
2851
5117
3355
13737
3070
15029
17250
2564
1033
12049
10211
2840
2018
3308
1103
12672
3564
945
12789
9543
9453
9581
2457
8884
18058
15541
3027
8022
3294
17367
1837
11571
15132
11458
18747
4273
6826
8980
16311
1025
7322
2983
3715
6446
1735
16763
6654
6921
2196
15361
12995
4081
10244
17677
420
11781
7545
12313
15881
15786
12717
10809
5832
2875
7378
7363
9220
5811
1610
3770
17286
16860
6149
12543
12156
5237
1950
310
19348
3493
11029
12153
7862
5890
7722
12991
15140
11008
702
14347
11795
6106
10762
2612
5542
7170
17756
16695
1391
12617
17877
15455
7685
9229
9283
16816
11044
7493
2623
54
11496
9549
14470
2512
8071
9074
14232
3484
4465
11837
11922
19746
8424
12416
2892
14399
19999
14114
2450
3512
10005
14794
18787
3898
6766
3980
13739
3155
5717
19031
16417
4211
1619
11706
6016
1664
6894
19738
10981
4764
3523
693
6381
5110
11554
11219
8972
8212
7211
7282
1197
3131
6860
11054
1901
2148
12759
6418
18390
2943
9637
7041
3164
10340
19982
10499
11642
17790
12964
5361
11882
9014
13650
8991
11110
3841
16791
2091
8801
968
16930
16938
4516
7675
17421
12109
11946
5365
4570
2998
7355
6062
558
3485
4329
1955
10287
18688
6412
15877
17503
16494
19710
14371
2390
3763
85
9529
7872
7681
11044
11702
12348
5570
19248
2222
11440
2816
8051
3588
3917
5168
15539
8118
15430
1698
6847
19141
7983
8490
3407
19403
7096
1227
2713
8315
1798
15337
9139
5335
11126
6475
4300
14324
1168
2354
4712
8653
19565
29
9279
14507
13193
18296
14165
8751
2726
12552
983
2405
7494
13271
19258
10345
10919
3488
10772
438
10140
9657
4887
146
15471
1731
9873
3163
4536
3155
2085
9040
2268
14750
9095
17919
13766
7206
12473
11634
19046
9991
8008
14361
7757
11393
8614
14710
740
10275
8166
6283
4654
17659
19194
6883
5188
5312
17932
7427
875
3292
5022
7790
15381
9978
8130
1275
18748
16179
3256
6168
16351
18264
5291
5274
15610
15135
9674
4235
1990
18894
4648
17971
8790
4200
243
11426
7149
4922
5812
12899
9280
12005
3499
2272
10096
10089
1416
6901
7459
3414
17321
246
9191
10226
2903
288
7942
3465
11423
7456
11623
2487
6065
2501
3274
823
12538
3687
3586
266
3554
11316
593
17990
18277
13886
196
4228
9458
12006
3731
6567
1797
5799
7479
9037
12548
12194
2312
7575
19164
13101
14718
10040
10970
58
9508
4064
7528
10377
12091
17958
10061
3757
17396
2167
899
9759
7595
10145
3319
8677
12068
9982
1827
6017
3719
929
13099
10361
794
12577
3450
12233
4483
2537
12314
7402
634
11611
4053
11169
80
3848
4174
11720
8482
6609
19230
1053
18492
8666
17840
3884
14254
10227
6108
2588
5774
2438
16132
17341
11667
3040
18384
3341
16717
2336
10217
8941
1541
609
6199
4230
3097
17927
11900
507
14388
18379
13613
10189
12750
10918
11188
5009
5512
17791
1351
2930
4102
5941
2085
10565
14955
10219
1622
17
17046
7638
11968
9498
3326
14888
3305
4530
12046
4955
6415
6910
1856
5692
13481
5322
59
11101
7004
8780
5580
9848
3356
4025
4518
14116
4105
2346
16890
12058
8837
3276
19220
8644
19254
3242
16059
10506
19328
12763
7654
5532
8064
11531
16607
16223
6281
11402
18233
6487
17791
19575
14865
15800
13172
8586
8198
5485
9733
7108
2679
11493
12020
10935
19585
4161
13700
4757
1557
4670
17942
13657
13243
3330
6055
2616
16105
9865
3013
13574
2146
10189
8757
3880
11054
18966
2630
5052
13373
1639
8147
6922
2044
7077
1180
6538
9843
1605
11329
5202
7844
6812
11907
10438
13028
5094
7834
8830
4022
7667
5462
19317
14796
85
12279
1367
18045
2123
12651
18665
11941
1706
1227
18741
5375
7888
17108
3196
11523
392
15334
1690
1920
5821
19230
12056
1048
7871
9716
2644
8542
2902
6196
9073
14544
15433
9596
8286
5940
14733
3866
13158
5620
655
5252
7165
7578
4160
4148
1446
7049
8547
3306
677
2529
4503
7007
17032
13936
17317
7946
8019
5753
15529
1333
1775
2342
5792
14653
8531
9357
5718
18764
3534
5956
2060
16438
6138
9763
44
10197
4160
8670
9933
5541
16266
14623
5124
7583
16845
16453
3856
406
7187
14559
4964
5012
5930
1734
11027
8561
6414
9118
3453
17848
10519
18155
1499
12634
2787
17555
10220
1167
7169
3992
413
8432
4674
14897
9403
16854
7008
3181
19289
17680
1100
1767
4543
14918
3000
11624
14072
6833
8361
12256
17466
12407
11642
11714
3155
6087
6353
10018
12216
13753
10338
10448
2765
16611
9765
6257
212
14266
8761
9601
182
4751
53
11467
7058
12293
12946
6276
6473
12148
10138
17547
2277
17280
10159
17026
7052
7286
15419
5193
8553
971
6491
6366
4533
3573
10283
3350
5415
10054
143
2714
11713
1003
1991
1186
17526
9161
12528
2546
4540
1587
13466
15511
6326
5323
589
14305
10751
10046
1754
12862
13973
1086
10788
12666
3563
9982
19851
19799
12333
12463
17692
8718
16593
5757
14201
7427
2114
2793
4233
12650
427
4933
9408
2877
4742
5713
1485
11896
7650
888
12006
1786
4374
1449
11348
7323
6313
9207
19742
2670
3900
13295
3669
18102
6142
12733
17156
11208
6446
5085
14582
11396
14894
8066
11141
2579
17644
5641
4359
15199
8687
13499
2167
12469
2339
7429
2020
9211
9541
10711
13339
9073
6350
670
4373
16714
1984
10049
672
6983
8370
14878
15823
3416
699
15107
5025
14833
13536
15852
4754
3278
6173
8735
1412
13319
8213
9641
11755
12561
313
2198
11675
11258
14298
7955
4594
5762
8816
11300
7749
954
19654
12868
4235
19774
4748
19039
19532
529
5914
5105
2247
12253
9956
9085
15494
15560
5186
557
11395
1429
7069
7469
662
4287
1817
12070
5925
1814
1636
13403
5194
11063
18755
17765
1828
3053
5943
15
5245
12298
9426
11249
2142
836
12956
16973
3349
11087
19748
10666
6881
2462
3015
15796
8324
11129
9665
720
10150
4030
4054
11520
13000
3159
3584
19068
175
3967
11798
10890
397
14516
3713
11843
1007
1403
11166
1989
13256
3542
14002
8472
9888
3206
4432
5314
3100
12033
10828
5160
3084
6929
4445
2443
6039
18675
4277
9822
11047
1354
5664
13385
10868
17767
2333
19071
6673
3385
3648
896
13912
8308
15044
18798
5046
1027
3441
6863
8311
685
12208
199
7344
2089
19794
17363
14062
14177
19354
1093
10242
3880
15662
9155
11881
11610
18304
17598
5469
6040
5308
4851
16125
1440
3890
4484
12092
3119
2465
5684
3853
15286
167
5892
18506
7517
10155
7408
8935
3514
12327
265
4825
15567
11286
7024
11845
17351
18561
8408
7754
2287
15817
12184
5582
16276
13780
11923
5418
10336
12536
8648
8341
7476
7753
5848
3409
5508
13122
10875
2935
13974
13396
12737
355
3032
6802
2985
8512
2500
2265
10499
16849
14869
16224
8391
8388
12358
11875
5522
8983
591
9454
8100
16968
7871
14700
12762
158
6488
7662
459
17689
17357
19450
7461
19194
8252
5081
14662
7281
13547
2494
6426
5642
9124
5111
599
7223
8208
12021
11545
18013
7156
17628
18015
12574
4367
12970
6274
18121
3471
4743
3257
15235
11671
14064
4174
3891
15793
19299
12381
8433
8722
17322
9522
19981
12978
9672
14176
5183
1320
7524
3201
689
5896
11769
6769
110
12764
8441
13417
5161
4835
9477
11836
12494
1131
270
6163
1033
18352
5704
873
7128
5234
13204
9445
9745
15256
9097
10587
5779
935
3911
15554
14766
13569
16892
15443
4945
6141
6451
934
13175
1546
11744
2093
15729
14467
556
1965
14002
18449
16384
19263
6173
13732
1588
8331
16079
1839
9492
18463
16332
9734
631
1683
10954
3992
6623
6748
7327
3788
11791
4658
19787
12701
17265
8163
4389
6614
4099
9203
6375
13964
964
6617
17721
2142
7842
4635
5855
19501
16193
19141
10113
2139
11050
10988
11230
6341
4890
10565
9615
3968
10406
18436
13885
1684
2063
13046
34
4251
1225
10749
11296
18137
4907
3631
7108
11833
4022
13133
2744
12075
8678
15588
16971
4319
13530
12582
8833
5152
18691
3942
1819
3920
462
6901
8388
5544
10770
12447
11872
7500
12792
18564
2100
6800
3981
16472
9014
3149
7177
1082
3379
18753
11196
10709
19938
8650
350
10200
1036
7553
5332
11093
16056
12630
5121
5468
9177
3919
5554
3701
5686
8224
8039
9856
1692
18377
2562
7404
5766
8178
15505
4825
8424
6855
3836
9039
11390
6484
10478
12827
3607
8799
5187
3404
4865
19752
10390
18641
11699
19042
11655
4081
445
2798
2894
12616
18704
19419
2562
4164
14573
10752
6664
18723
2574
6293
9757
15050
4118
8149
15106
230
5274
13972
7242
19427
10124
4992
12805
3405
4363
2969
17386
5258
2765
8271
11045
3924
13031
6304
1734
3352
290
2607
4998
7919
3486
9571
7959
383
259
8485
19347
8497
17100
3511
18016
19345
6898
8724
10054
296
12377
1420
6897
6073
8605
13436
14565
13341
15835
3535
15365
1502
9887
11063
14305
8342
12848
4553
2211
3846
2365
10235
7767
11733
10342
447
7102
3278
6827
8605
12049
18937
1141
4402
7414
12533
1574
11595
7749
19514
16769
18207
7351
7856
5209
5807
17842
5007
3611
8927
4887
18645
15099
6193
11624
2058
13056
3174
7162
11283
1966
10196
9855
8664
5622
10053
10928
5046
7392
3957
18813
6340
16756
7242
4660
14982
15755
6577
12786
2642
19993
1277
4205
12391
10774
2590
8861
678
11793
18210
13934
5048
19252
9103
6759
670
12053
4636
3575
3957
4962
14546
8197
6802
7978
8454
11796
13687
5899
6548
8536
600
11935
2778
380
5393
16582
17402
2414
6820
18834
9133
18993
659
501
14375
18273
11394
6858
11471
3492
4010
9765
15290
3029
6364
8348
9485
9104
16412
7666
3407
15644
17945
648
11664
540
6829
1826
2044
3604
10489
3259
14877
11451
12447
2408
14036
8293
8060
6028
9237
2958
7115
4929
2629
9893
6811
5345
13333
19998
2764
9656
1052
9654
2827
11370
19829
11045
11347
8996
5214
15973
12480
5411
2507
9028
5297
16550
7854
5707
6981
11284
17512
6252
2355
6765
19211
3758
6246
6643
5591
10968
6751
6420
9585
31
1417
7838
16227
12399
2458
4385
9046
2523
9902
5827
1680
14213
2339
2151
9037
6092
9717
8378
158
6264
439
2627
19428
2887
2486
3943
19979
11573
15086
1855
10855
8462
3432
5052
17936
17107
16378
7476
7421
173
17885
7379
4642
10868
8333
546
8073
6175
1379
1558
14704
6186
10321
11352
3880
8392
7970
5752
7274
1677
3344
7505
5687
5018
9378
3739
4630
11816
10956
5395
7660
5299
2341
5898
19002
395
7974
720
8889
444
5095
799
2967
17816
11513
10055
17679
11913
7619
7996
11914
9753
12574
9794
13879
4765
10543
8660
18571
15174
11207
1847
7129
6501
12733
1249
2192
33
358
6537
7159
17307
13082
5645
425
17724
14534
7334
6609
707
2672
8940
9860
16272
7151
4489
6976
2223
8998
8606
10152
7205
9316
951
11101
764
16541
19024
5308
10095
18982
3972
11994
19092
2803
8602
6847
11084
18768
2830
13733
19788
12386
12576
3504
15849
2459
6079
9962
5830
3135
12563
6821
18237
10170
7245
9360
10063
10334
8847
10966
15659
17277
12186
9785
351
2507
6204
15665
610
10768
14903
15557
8094
6800
8623
5061
638
2747
91
19565
3484
9363
11849
9690
8903
1986
9071
10666
3061
3159
11605
8214
15951
3076
6915
366
2325
9529
716
17368
17621
17022
5720
327
11248
5042
3602
3805
5863
12199
5238
4257
16999
14874
5209
16928
2905
3987
7957
9987
7881
385
6683
10387
7729
4146
4311
8079
12941
6453
11202
10570
3742
5648
10634
2501
1562
11489
2529
15439
9818
3862
7880
5950
417
10410
6490
2061
19789
4261
7544
6803
1024
3699
11960
18951
18059
2656
15405
5174
12351
6648
9685
3712
10899
17473
7108
1045
9109
1300
8916
19955
1104
16256
10953
3836
7233
4733
4197
1209
9402
5297
11888
6802
2291
14501
16582
10729
2612
2405
13342
6713
9091
7033
17758
13361
19630
2182
14720
1136
6807
5956
10306
5472
9698
2302
17808
5011
4864
2923
1938
11390
17433
9519
14389
9112
14331
16048
13723
5136
14597
5433
11682
8433
2226
849
9972
11447
8006
14937
6228
1391
5338
14952
12739
2704
10343
9319
19446
6619
7412
8075
10744
6675
7104
19285
16094
2908
17551
9612
2287
16950
3060
17109
560
17814
6434
13815
12145
6953
17171
19762
10968
10472
9301
8569
7985
17721
8087
11795
8978
19243
8439
19606
11216
3728
10249
5822
12932
5272
6279
14479
5211
10769
123
8272
8833
8545
14157
740
1355
9759
4109
616
11462
17716
15520
3406
4610
11957
2123
11387
1630
12445
13728
2178
9682
12877
9003
5823
8479
3331
1531
19028
3927
12091
977
4163
9164
18824
18986
1679
5946
19568
8877
8627
12340
4203
1971
1311
9679
3898
3641
4151
18576
1992
10215
4010
3734
8737
3038
12082
15655
12116
3779
16880
5595
10698
18350
17189
14635
292
13969
5777
5528
4214
1833
9324
7579
9989
11623
453
8751
18465
12443
11614
4800
13699
17060
9636
2227
6822
6170
2863
563
3941
5720
5213
6943
2807
13578
1391
436
16333
11611
7425
18203
1351
3643
15402
9874
1338
8594
9784
18652
12099
5864
5704
1288
7344
8840
5282
19698
16983
10829
18652
10092
8433
4755
10426
8923
11070
16280
2176
9307
11102
4567
571
3997
16346
19494
2962
1794
9230
16271
7468
2134
2616
2766
1566
10221
6369
7726
5978
831
17134
3044
13017
2530
5222
7017
4228
4908
12768
10233
17574
549
11092
18700
498
13294
6750
15863
3763
8341
16562
3202
14551
1267
18947
1511
7547
10475
6129
17648
19733
13507
4118
973
1635
10496
1615
8760
13335
7523
16458
18793
6463
3141
11380
9336
2646
7444
4736
18710
16844
11403
310
4649
4982
19250
1409
13996
6454
12698
12535
19043
2153
9143
5735
11551
10130
2204
17060
8598
1225
10584
15763
10208
1859
10834
9526
6769
11872
5541
1558
16634
3351
11451
9651
5470
641
6731
12395
19284
3208
12051
10955
10369
12878
16212
12857
10579
6238
19311
4925
10398
2643
3267
1844
1591
13353
7428
4242
10385
17063
3738
474
5403
10378
2399
7679
8534
16368
4182
10136
10839
10377
9900
11750
8097
2814
4080
12196
8256
12574
7985
3571
1574
10828
2876
14467
2757
3722
4626
6465
4816
11140
6315
13347
722
8829
4365
2484
267
3802
7435
17632
16526
2640
12126
894
10556
14127
4708
769
255
6635
7834
5277
7558
10285
3771
10938
5155
5086
4182
8282
5477
5519
5680
15113
7158
2793
14751
16073
16181
312
450
19259
16913
15095
18049
2125
3018
14713
12648
5895
3879
19100
15746
1779
2870
11246
8439
11631
12936
17213
1286
14004
11337
17344
18529
11012
14752
11238
11627
4374
11498
7298
4243
16929
14199
12180
5965
330
18145
16502
5044
3502
3600
4459
9281
18733
14511
13511
7498
12764
11884
7518
17340
7401
4915
558
2454
2125
2407
2476
17579
8308
10533
11888
7957
8395
10520
18751
18682
5389
8316
9916
7168
19822
5523
3150
10511
14020
18569
9839
15851
856
2184
12762
18254
18929
19515
14834
10407
7067
1732
10770
1397
2713
8379
18009
3330
8944
9645
1777
12447
8335
9456
9412
6884
11391
1224
12189
7716
12206
9147
17023
2065
18268
16724
2888
16149
12962
6458
3876
5164
5830
18734
6961
10850
9119
5383
2549
17456
15240
15277
3106
2486
12422
6583
2405
1879
17817
3909
16242
920
4549
11133
10351
11766
17662
2791
4418
2121
6102
615
17115
12093
10406
1053
16769
5451
8509
3742
11966
25
8715
11057
5002
8534
2060
4425
13112
10739
7317
13957
387
3586
1760
200
3606
11472
14776
2073
9822
11779
1636
411
8016
17458
6931
1802
6329
3686
8555
10906
138
8851
19409
9488
11840
3766
6648
2333
4245
9103
12874
6141
19048
6460
1239
1107
14605
11993
8417
3427
2612
8633
2307
2285
1307
4578
13541
15725
16658
17484
9153
5107
3282
11576
14899
3010
17341
13104
2274
19371
9779
6274
8848
7943
14299
13724
19843
3863
12428
10567
465
8412
17790
13476
12014
11765
7443
17671
9749
11964
10884
3285
4120
896
10573
5662
11367
16768
1177
443
11714
3692
2188
3078
1599
2939
3090
8540
8346
16491
19114
15955
8640
1917
1394
6076
12410
1325
8145
18007
5370
12370
7015
9273
1190
18073
7989
15006
9767
12001
12363
1422
4433
1463
12438
6769
4400
5712
10022
5810
16982
16104
6272
10582
2663
12605
5416
5177
769
3594
1933
14988
7756
7652
10706
11536
5861
12759
1696
7792
5194
2654
2028
12354
16581
2405
8297
1661
9753
1406
1806
19416
8206
17829
18470
6694
11932
6932
11194
2962
17657
5382
7518
604
5635
1228
15262
8977
4780
11857
198
7565
4744
9838
7252
6832
16536
7021
10494
14656
18772
6174
35
9444
5626
7578
4307
11900
12313
15131
7710
16129
6492
8120
13181
14976
5271
10914
3330
8406
11283
13056
4960
13227
4122
9066
1690
4654
6593
6599
3789
788
8408
5031
13949
14959
5075
7584
3648
16400
1045
3530
6061
349
8449
18489
162
15281
8769
1693
10743
1142
18163
4827
8710
11811
9334
10249
13880
4597
1272
3212
4206
10447
381
17394
7668
19537
9071
12559
14853
5754
18440
5624
4990
17502
18625
13952
6500
6821
3000
5717
17141
17481
10434
11962
15440
14637
2230
3236
12771
4413
16246
8020
6264
3850
10556
15382
191
194
6824
19069
14778
8114
15115
7613
3658
1211
18802
8294
15965
10261
1748
9539
8116
6694
1498
11734
7637
6689
7729
5042
9430
830
12177
11893
2980
3805
6795
5516
18167
5690
6997
8933
4310
6992
4756
17330
5033
11310
10222
546
3587
8857
18029
6879
11371
4263
15282
10503
11822
2774
15519
7083
2567
2320
10883
2026
4170
6784
5572
8715
17587
10993
4942
14748
10066
8491
16893
9774
10803
12141
13580
6060
2894
15689
6235
11391
9491
17410
11330
12644
243
13062
9433
7944
239
10795
6403
14696
5377
779
6430
13067
14861
15583
2699
5436
15461
6845
18589
14345
13695
8722
3492
3741
4215
4733
18295
5598
7172
12336
14179
18853
1948
10312
5301
608
16453
19911
19465
5898
7875
7446
6449
6597
1275
12380
7300
701
9641
6109
12748
13148
5158
10579
6798
4973
3606
12557
1975
4721
9525
14218
2283
15075
6176
9875
13101
3532
9027
15068
10253
709
2501
5497
11317
11729
10229
6048
1394
5494
244
5698
5347
9919
447
18985
4258
2994
2851
5553
885
3922
3775
7206
6324
3573
4503
2465
7576
18499
8959
7874
104
14995
5826
7308
4259
5285
15541
227
5388
6623
11710
390
5432
8329
772
8652
8857
9063
6069
11009
3400
14457
4794
1661
10901
4628
8699
19688
6542
12766
9361
1680
881
2636
5680
16774
9873
4028
369
10300
842
10609
1441
14783
5125
914
16683
13268
1962
19681
4805
500
6505
13053
9565
12455
70
2071
14562
4674
3656
7988
10995
13280
7296
1063
15624
11457
17529
11883
1058
12325
7076
5827
3635
1607
14081
11219
844
11034
8237
443
7403
19268
17486
10838
15489
7900
4575
10518
1925
6981
2876
12989
3963
3976
4589
11260
6017
11508
12434
1644
10527
6869
6258
18670
18220
8948
3332
579
11873
6356
2426
490
6238
2376
19473
573
9310
8052
1849
8138
3579
7691
16772
10994
11553
14050
6384
12228
5716
14134
10100
11575
9345
19011
3853
13545
9158
14719
8678
6875
19424
9851
2569
1448
13879
7479
5896
7721
18187
4711
14314
3882
1886
14314
2679
5163
6399
9988
18529
6518
2073
10209
1880
14339
11264
1736
940
11181
6135
12193
7296
5778
11873
3878
7859
1261
12462
363
493
4915
11393
15885
12780
4719
19396
11419
13773
286
8779
4488
6329
7467
6472
427
2196
17000
1075
18077
3591
3089
2871
10000
8360
3968
1406
9775
11407
14191
9850
9402
8376
13650
312
5790
278
1168
15461
6166
19070
1094
6621
292
9007
4730
3256
8078
15778
13791
15059
11736
11798
18797
11584
12133
15192
9758
18925
621
18549
6985
5172
5565
19423
895
2280
3154
12064
70
7930
13843
5122
12248
9967
8049
5243
443
13570
11808
3193
6111
536
5394
17777
4154
8520
19640
15879
323
6375
2936
14077
15473
8820
2413
6588
2481
11208
2913
19011
6280
5915
5098
7090
7278
3735
10152
405
5831
9822
12858
2545
2529
10778
11780
7665
3024
2888
7233
14349
3848
11651
14983
9471
735
9682
1632
11429
19712
8657
11746
2517
9903
9792
7635
10437
12416
494
13503
4853
10134
17379
596
13315
18780
8400
5988
14284
2821
695
6680
17603
4613
11994
6772
10131
12939
7909
7503
13044
9989
18298
17007
5136
2898
12896
2822
18163
8293
7691
18447
4564
13375
11178
6982
19749
12233
10899
18699
2684
1747
6446
5109
2943
6832
12292
1750
914
7502
14918
6898
6369
16183
4221
16094
8875
15241
10900
16315
14644
9941
7655
4304
10505
11898
6347
6568
1937
12959
3419
8497
4600
8786
3141
10544
16283
1891
12313
7876
11667
10624
620
2049
3874
2799
5392
19849
2430
14925
6900
14666
1792
12329
4826
14906
13100
64
349
3730
3038
5430
5983
5710
18457
9241
5044
2528
8302
2806
6704
6551
622
17592
6193
10548
12176
1508
2891
18086
13954
6261
6328
7018
10128
4825
4060
7524
16693
3016
10841
9276
9284
8519
6264
12409
9365
897
10450
14271
11056
8064
17762
16456
5467
8942
11306
19811
4356
11151
5448
12366
11053
11578
7575
12341
2171
3963
12324
18408
5084
9450
6743
12766
17211
8266
14046
4108
9126
10625
3384
1572
8602
5017
9894
16941
8883
15995
12434
5382
13173
10503
16669
17690
2489
3987
297
10498
1817
6217
4235
8317
8762
6079
6543
10192
11964
3413
13992
6366
14530
16081
6366
10054
11906
954
2390
11871
9164
6390
6239
18164
3387
7204
2274
6336
2013
5689
18184
11176
8802
9691
9289
11451
4902
8703
16152
7370
3454
8803
18415
19879
3523
12938
11483
6239
11170
10331
2183
18550
15136
18552
6186
6119
2830
1599
1169
11257
17297
4131
7882
19424
2094
12424
11861
985
15671
18369
11051
19939
10200
4745
1739
2622
737
419
18248
933
5201
2002
3860
11563
4006
8920
9771
10870
711
8432
8832
2685
15469
4778
5608
2883
341
1321
5672
7377
11623
6909
5215
4437
13796
5953
11571
4317
8562
1301
8509
11377
1415
11994
4115
6164
17974
4719
1913
5560
18236
2381
8392
11524
10346
14948
7769
4551
1424
14293
3162
1753
8302
2476
18349
7223
6138
8771
6560
2586
12240
9143
4305
19100
19228
10728
1757
2122
393
2260
2637
2535
5223
6993
3392
5958
15198
14444
343
10021
11830
12580
7810
14219
2402
4005
6957
10016
9424
9478
16842
17871
7537
2754
10013
988
6665
1334
16010
5412
6837
3103
4927
5657
7327
11281
19489
14843
9987
19384
7800
13014
1119
10127
9049
19389
2845
15681
503
17130
7232
4290
16360
18514
4143
10029
4665
14826
7588
1340
978
6524
6804
12361
7495
6920
2204
5895
4451
4315
8592
3904
7572
17072
1923
8045
5655
5321
10774
10775
10786
1003
15136
3824
19476
17372
5665
9648
2396
2686
10631
9905
12876
3849
14781
5929
11388
6442
14423
15883
13693
1182
2654
11229
13892
1100
9947
9079
4051
4581
2949
575
4263
3900
10090
327
2659
6278
7936
11076
10303
304
265
6125
8336
18595
6408
10488
5079
14168
550
18996
10281
2299
12195
4294
12256
6594
5661
15908
5542
15946
13890
12690
9726
3445
19350
18752
2800
3270
706
9024
6746
7704
2338
16265
568
19873
4013
3501
6607
2635
12995
14618
12157
12428
16697
7891
6656
3178
16451
11148
6312
4400
4805
14440
8926
12623
474
18450
18897
18133
11489
61
8581
18574
1931
13756
1498
1309
7685
11521
19741
5273
5
2070
6609
8071
7862
12061
6811
3068
1700
6280
10193
12207
10823
7768
416
14240
6864
5942
12063
19627
10644
18770
3927
3658
5498
6431
14095
2734
359
13579
12281
19803
7364
2304
1342
3014
4084
3164
12010
8303
16632
5488
10360
9535
6527
12634
1244
12001
2222
2147
3826
2720
6291
4984
17705
9060
9801
2057
7278
8491
8266
5028
4987
4841
9465
1742
4476
18943
4906
18342
14501
9053
12312
7354
406
3832
5957
1479
1417
19434
6094
7921
10593
6892
470
390
15026
9011
1903
10035
6545
16365
6024
19234
954
14363
11002
2907
7939
2060
7633
12758
10564
18077
4570
4865
8802
8754
9841
14134
13280
12659
8327
5753
10885
5063
214
19157
17804
7569
10244
6932
3342
3117
14937
5888
10703
12169
14209
1020
4074
10307
10719
12354
2206
3495
3384
3707
11670
9701
5595
10143
9369
15924
1842
3603
10870
1896
8169
11772
6445
4149
8033
2020
12925
10017
1299
12692
14321
4650
2693
5707
5642
15069
12078
12162
8235
8786
3497
11200
1703
18280
92
12604
19019
3300
2629
5525
11595
1033
4745
12275
19853
13526
11548
6204
3735
11778
12560
18134
17626
6328
10366
6528
14747
19475
9077
12462
421
7256
15493
1832
4784
5077
6890
8162
17295
9757
2522
8282
8989
5089
4269
7187
966
302
143
17555
19092
14856
8391
17023
17696
7082
1444
7442
8372
5627
236
17087
98
335
260
4492
1671
19651
11775
14251
3293
1782
3656
3031
6628
15655
525
17651
11214
9971
14545
8546
11660
4683
15152
2182
2875
6616
3215
14041
3918
1838
14603
653
1563
19280
1759
772
8005
3305
8914
11854
1837
5062
5703
8102
17431
533
1218
4524
10525
5086
7482
4352
7286
12899
5891
17219
5
12761
6040
17390
8129
13700
16843
8559
3143
3476
12557
6663
8770
3553
17468
12740
7318
9575
2479
1759
7503
4801
6274
10517
10093
9096
7522
19014
8395
15656
344
9295
7188
10407
8886
10184
15397
7477
3843
2525
8896
2129
9989
7021
9365
6881
3283
13924
1553
655
19800
11129
12292
1445
9543
18055
5140
9735
6306
19275
3363
2546
10472
9122
6560
5336
2721
19520
7761
8409
4714
9520
6908
5344
2
4943
2839
4291
11665
14279
15925
11768
12091
8812
2126
727
9864
11417
9386
1172
4080
6280
4373
7673
9385
12659
451
5926
19889
5197
2142
19015
16954
63
3763
281
6073
5156
4352
7453
1837
17924
316
6200
16847
3505
516
19120
1693
12899
9513
1863
13094
15572
9563
11349
7957
12186
6291
3143
3039
8648
4803
2489
3051
8227
2846
2228
291
14021
3944
12552
12479
12532
3100
9832
1868
2143
319
12073
2782
15582
14535
18392
6971
2631
6410
7326
12675
10768
16169
3316
5121
18472
7961
13766
4947
11635
7733
9065
5049
3369
19302
1980
8959
3790
3917
9441
18026
527
16502
6776
13732
3329
6429
12703
9639
10106
4509
12171
7788
2252
4508
15365
7697
3205
7640
19526
12972
392
6032
1264
5810
13896
10227
9874
16101
13706
905
1625
12033
14392
4450
3862
12902
16325
5666
3796
8099
2276
19402
4822
11462
4039
18693
3570
9862
13016
280
12656
15212
6457
2150
7425
5574
19003
11398
9344
18186
15073
8998
5577
8138
1107
7195
8475
12571
1
2288
17103
6885
16126
10442
19797
8555
11544
10140
7572
6552
10776
2736
12254
909
7038
688
5972
1485
13722
10680
12479
13413
11466
16092
15849
6427
3511
4345
11967
4477
3342
6524
9576
4679
10271
10164
6754
3378
16503
1529
9601
10239
8222
1209
14694
4295
2896
3046
3457
2687
13020
19745
4806
12205
4478
1349
2353
2830
540
8691
4666
14276
11651
12641
11830
12160
10495
13218
5395
19699
8669
1267
1714
14772
9793
4011
9793
7984
5574
9120
3487
6933
6265
3449
9135
6141
12020
727
10361
3578
3835
2370
8644
12614
15480
18933
18771
15848
9751
9129
3330
2438
8577
1795
16862
11533
1562
5405
13576
6817
2937
17301
3336
2278
2762
1527
1713
11786
2789
10379
14969
12440
4972
702
12181
18525
8934
9425
18966
10872
927
15076
10981
14275
316
14049
10591
2212
15072
3464
19345
7859
15328
10014
10099
12617
678
8596
10532
6861
9032
16024
6633
14558
11621
8350
2532
8800
9669
6637
10806
4358
11310
10345
1141
6275
11526
228
8268
17104
17963
9444
1077
12093
12180
8178
7927
19385
16422
8615
2560
6847
15477
9111
3936
12614
9697
4859
18699
8615
6124
2656
2509
10348
2588
1873
2186
14493
15093
6565
3389
16810
10580
3944
10028
1655
940
3978
7406
12619
2497
5962
3740
2839
8709
19584
2520
5127
1205
10189
5889
906
4755
9763
8721
9345
3618
4244
3164
8905
12995
19484
12041
5000
14899
749
10894
1977
5376
15326
16174
12664
11343
5427
18994
10925
13327
1419
6152
8153
859
875
1053
16993
8339
4270
2843
8765
10423
8617
19331
6175
5224
14976
5674
15652
5598
2987
14579
1340
1737
16934
4464
2937
15337
15610
19448
6649
4716
12623
6727
19124
3307
6638
121
421
17667
13752
11940
792
18964
12105
10455
2423
9787
7530
11094
11349
11760
1433
9267
13015
15359
9241
3405
17157
8486
11065
7976
6708
9043
18629
431
240
19292
12078
12459
6957
9851
17050
5666
6219
6832
1164
15280
5994
13780
17362
12167
19443
16862
8976
9350
9729
2360
16720
8411
4884
4735
2918
19192
21
3261
7204
4342
9542
5030
3907
4716
7984
7252
11500
9038
10604
18787
17129
18758
6383
9548
1487
883
8662
11554
6152
2660
5365
16879
9570
8563
11518
5195
2714
1153
2195
13409
4614
10901
909
18370
3716
4213
5417
8550
165
4128
8117
19526
8985
4817
5310
5755
2650
10132
12502
6420
8377
1541
6024
9369
2025
2765
14460
12611
9644
13660
1064
18008
10080
2373
5757
17095
746
8316
2317
10440
8447
13904
3229
8145
596
1897
5647
16311
14859
17088
5836
907
11482
10081
10035
15536
19578
12513
5252
9662
12245
8255
12844
11897
12397
3612
11342
13390
19116
9530
1205
5938
1935
3926
9020
18139
3474
19109
8026
4219
3386
7056
8303
12703
15108
5807
11343
172
688
1895
5744
6197
6701
9923
11509
7932
6083
371
15224
6606
17828
3175
4058
6077
17488
15114
3339
2940
5706
10079
14232
17724
4766
7932
15383
15593
4846
5225
14419
13316
6145
8663
2551
6463
16843
15392
19421
2522
4155
8226
3572
3264
10759
12475
14003
5440
15992
18212
12640
3148
1333
7405
5503
1396
14032
2972
18396
3297
8402
16581
4887
1328
4167
14857
9201
7412
8617
13134
3930
8394
3661
5345
7321
17051
19440
17934
11928
3860
16832
12092
917
13765
6506
2665
9769
17819
4711
10792
6198
9469
8358
7101
15059
8585
12535
10644
5687
2093
2845
17829
11846
3525
145
18024
18783
3287
7509
13496
7105
3024
10655
5449
769
4188
6722
873
1645
13128
7132
19832
16253
9400
9410
2983
9471
10247
1996
16018
11679
9025
7999
3133
5592
16674
414
2383
15038
2765
13487
4849
1031
9868
13839
15109
15100
16523
7893
17095
739
4243
11815
6660
3562
18311
3904
9404
19348
10560
5628
11866
13315
8361
200
1678
10889
12922
9772
9902
1774
12373
16310
9425
7424
2113
12326
487
17119
1738
3579
14297
7812
11637
11616
3204
6196
5828
4598
10517
9832
13486
11168
8899
3642
7420
4912
5071
1839
8132
17557
189
2215
14469
4257
5327
1158
13799
12252
9126
15872
16272
9451
12728
3078
13797
6814
18448
10835
8743
13596
3912
11061
4841
8687
13191
7708
6227
15247
9434
12004
3416
18831
9908
962
13048
6025
7941
3792
4213
3787
92
3481
5429
16062
13308
675
12764
26
2272
1695
11015
7884
9998
1554
8456
13986
13404
11937
901
11964
18790
1631
1743
12691
16618
14614
12035
12422
6090
1878
1731
13897
4415
2369
1682
8844
7005
12498
1361
19596
14379
6065
11004
4860
11551
4824
18948
1361
13564
290
266
10704
7210
3192
11328
3960
7705
1147
4224
9136
5877
15889
7210
9742
11880
10800
2974
876
12691
18827
8733
19595
2603
14304
19775
11268
14163
3837
1716
1908
285
19798
13083
16451
9440
3079
11172
1496
13144
16073
647
9502
1312
215
3361
15284
400
4574
10577
119
6518
12167
3735
10896
4598
12611
17255
1502
4098
9947
5712
6914
8312
564
16976
7372
17502
7141
3827
18184
3806
10745
1199
1736
3681
7010
5376
209
1549
868
4005
9413
10846
18940
2615
10099
13382
17492
3309
17600
12132
12265
10673
10004
2213
1302
9503
3748
4094
7912
15395
7107
7620
19585
5712
16168
10482
4041
4768
11005
5656
14392
11631
6477
7011
10564
8566
5067
10097
8523
17736
3715
2481
1055
7118
12225
9148
12724
8163
739
19190
4618
9998
10911
7875
7323
2883
3540
5417
4068
3833
7122
9481
10164
9001
11144
2557
6838
6635
466
176
15582
9200
4414
3873
11573
9120
16963
17173
6916
19313
1152
13439
1474
2540
17973
8753
1758
12415
3941
9471
12076
15650
4806
6840
1807
4362
16430
9540
5322
19887
1149
8252
17159
11838
843
11243
14691
8766
560
11400
6272
2019
17141
2001
11080
4244
7933
5959
6530
4573
10642
4300
8663
16851
13266
19677
481
7595
4695
13455
4728
9401
8775
4939
9276
15882
7327
18505
11810
7232
10624
5069
16255
2513
1271
11780
5493
4350
18926
1630
2816
7860
6261
16072
12191
2085
11277
19760
13187
15748
13178
4312
3225
5346
10726
54
3799
9803
7541
18546
5481
5407
18797
6780
12633
1426
13761
17584
1759
2883
13121
7724
13166
12413
8292
4395
2171
2319
17809
6985
9995
267
19536
11093
18436
10369
11187
469
15663
18169
18339
3229
10480
18803
2445
2189
7014
1022
4169
4269
10848
8954
11182
13258
4902
2767
1879
6157
15875
6538
1395
11072
4051
5306
10768
3456
1904
8974
69
8416
10109
11021
13154
8931
9967
2643
10200
17848
14078
1806
9704
2899
4879
11388
5036
912
8415
8930
7047
6150
6191
7277
3534
2636
6034
16649
14291
8335
4631
5378
5782
8719
2679
7262
5834
19933
17630
14007
14728
2901
18810
7610
2453
3514
964
8096
12340
15958
2705
9775
11468
11982
3767
2320
2520
9351
8000
7247
19633
11644
9841
18421
13532
1562
3063
5733
5106
10561
15542
2456
14419
9083
9264
504
2154
9594
8440
7775
7550
723
17076
18574
4926
6397
7636
4076
2378
14248
19542
4452
11202
5501
1908
6654
1487
2489
180
5209
14579
15816
17997
6637
11698
10724
9338
11426
10653
1899
12257
9904
3618
11201
11137
1301
12084
9419
14589
11897
11164
8486
554
1089
1053
8235
10202
10485
4616
9636
4326
6098
12741
7979
5981
3214
1948
3046
13232
18480
10214
7396
2361
4747
19223
439
7566
11103
12488
47
2570
6989
9893
5819
12310
6078
8891
15454
12474
10034
3615
3730
3333
8745
191
20000
7165
6868
2890
5563
18216
12473
19679
12031
8151
6121
9846
16845
4885
2753
6095
16259
8979
8579
16382
9821
849
8273
10996
3438
11468
47
3212
13629
6410
2358
10714
9344
8678
1367
5204
11449
4635
310
11070
15187
179
5858
3926
4186
11917
18197
14980
9469
17904
6672
19711
12197
8051
9237
4063
5747
3848
7745
1095
18012
1995
7151
14670
12451
4334
8494
5298
10937
3138
19901
11291
6295
6757
4876
12240
1592
13326
19315
3325
8375
5658
14831
14687
7244
6100
6623
5205
3845
11270
3906
17287
10918
5442
13903
15603
11969
7407
817
1915
2388
5748
12489
3824
2693
4582
3810
220
10781
4081
2386
8499
2343
9704
4629
151
4616
8557
10793
878
2012
3775
2858
12004
1749
16870
11627
6400
2290
5088
1689
1224
13984
3721
19248
10867
11763
2572
17913
15634
16067
9453
10858
11677
5255
12498
3964
671
16562
8212
12043
12417
12432
16393
9712
16728
15263
19471
10973
366
4014
9561
18013
11728
2038
15225
1290
11196
1562
9105
2155
11977
17120
3321
2580
12756
2733
10416
11516
10382
10690
4771
16764
16039
19033
5310
7596
19737
6045
12278
9757
148
9484
14162
7478
2125
18222
10429
6896
5701
11890
940
13360
14010
8973
9871
15335
2672
1074
13754
11212
10846
9968
9937
9588
8376
10254
11701
8727
2272
4040
11857
12962
8811
17254
11683
11323
10677
11264
8107
5977
1220
8756
18133
831
4989
16483
3590
1308
3849
11086
10569
3300
420
14420
11254
11244
8172
15209
10663
10568
2372
14550
16154
12740
11531
10387
14373
8805
3072
10788
10109
8381
13938
15446
3589
2960
12201
5400
7575
12618
9750
2554
4531
4349
14267
17734
4875
7931
9050
289
11210
14135
3806
18240
7880
2876
8364
12618
1167
2731
104
9010
3050
11125
2150
15921
10738
16156
8663
18533
9688
3018
14256
4236
9842
16174
7737
10654
11718
7482
12283
5325
120
11230
1606
5598
18355
9858
12549
4965
17689
19461
15523
7970
458
89
17337
5885
8630
7610
11423
6818
6403
13427
11662
3869
9085
11375
7447
12052
8545
4896
8486
9127
12552
17202
2068
8008
16435
7340
8367
14650
9019
10604
1577
17835
15094
12159
7555
12786
11304
15299
16024
16551
4495
4701
74
2628
17068
18874
9581
3392
15187
2342
8692
15013
8658
5421
2751
1142
6817
17845
11586
15107
19693
16855
1780
4135
1092
7554
14044
10280
12256
13518
9275
3852
19348
4865
9082
11739
2520
5604
17746
8729
7316
9155
11581
19744
9742
5574
6944
1568
10036
9362
9013
11510
8168
4159
16442
2221
10126
11959
7387
18230
18902
14580
3712
201
11114
10807
6550
3097
19160
9287
5119
7481
5372
9071
5177
11825
9332
5366
1966
1214
11395
18749
641
8012
12354
7547
6068
2804
2475
7161
18585
1014
5347
1580
1438
12438
3018
4885
6296
7574
9091
3962
3371
1654
3940
5763
17919
5966
7645
16052
6403
1831
4809
15566
1342
7741
16853
1764
729
4726
3187
5949
