10000
20000
336
3397
15436
1262
1134
2988
11446
5108
4052
14275
2172
13409
4039
12094
7442
4194
9970
15521
9787
1184
18214
4967
6242
11565
3217
8719
19898
1801
17887
2442
9782
13624
3635
10469
9512
11428
8388
3830
538
4913
19224
904
12110
9284
13921
7335
4406
10674
4857
17259
11251
2506
3391
18469
11182
18307
5839
12042
10071
9284
15523
12897
10945
6196
15660
3951
1786
1064
12654
11581
1259
1446
9662
9998
13140
10267
14269
6051
18757
2657
10769
6091
1181
462
9832
1963
5379
93
11564
16497
4677
2493
11365
5112
15603
3036
753
4538
13146
9233
5316
9562
8962
2828
9824
8333
15175
1374
15251
6539
16312
6503
15154
3289
4786
8900
11065
2227
9689
6101
14336
9660
5403
17615
1341
11686
5925
710
16700
12384
4193
728
2046
8003
11702
6522
11444
5979
13375
18884
9626
4629
2823
5148
11668
9581
9129
16323
10442
14644
12137
14849
12611
7492
19185
11024
7810
9987
18478
19595
13027
8793
4615
11605
4948
1906
11936
12106
1395
8625
6450
17574
5516
10299
3976
1943
175
5151
986
13571
4979
19367
2378
12505
11053
3711
3744
10361
17422
5992
9766
483
18239
7291
2115
16416
7646
2110
4823
6802
2134
14184
16667
3484
6399
18292
1557
657
5051
16872
8990
17214
1516
12386
2773
7351
7765
5959
352
66
12183
1515
3462
4581
7049
8096
7949
6512
4660
2527
1620
11019
11251
23
4303
1150
12813
6424
8358
8866
9647
5534
7021
2314
16716
5535
4545
8081
10901
3027
1064
3074
2231
8678
4869
16906
18679
10879
4157
6206
13101
14605
11822
16204
10851
2966
424
6371
18956
1119
7730
97
3525
16923
12510
736
8141
8181
11623
5503
9284
14235
14256
15282
7524
4368
19228
8426
5794
16464
10797
3842
5443
11169
1021
12526
2014
8221
5182
18980
16086
13570
14034
4455
2452
17974
6441
4535
10406
5532
9566
5307
3481
7288
785
2154
3384
12385
18946
6684
34
3435
17010
6259
9516
9809
282
13961
4796
11525
3976
11768
3585
3576
10493
5228
12243
7848
583
8105
11790
5868
9407
13595
5806
9344
3362
2113
489
8529
10832
5177
10319
11528
17190
4330
10210
3959
9532
436
10997
4229
222
14328
10662
14009
14731
7815
1084
19623
4719
13259
12095
7773
5505
5816
9241
7021
4411
3152
12112
17209
1629
1209
6241
7168
9281
7423
539
15658
8636
8456
5857
2676
11961
1980
7421
5277
9845
6961
5509
18605
12186
4152
17551
18440
3228
12297
16820
13622
981
687
6885
367
19713
5267
16367
1769
14777
10633
14417
11714
4625
7709
19128
2668
11408
6844
8255
6396
15026
3362
4423
4017
12639
5126
11448
9828
11273
3783
12245
1907
9832
5237
8800
1325
13397
9952
13779
669
13193
13090
10042
2008
11699
4459
14002
13925
18172
1231
1218
16686
14939
7057
14011
7307
8214
10094
19664
2505
3807
5898
3733
4092
9579
1980
18905
15402
18161
2744
17764
3123
7591
17951
975
5026
5691
5385
18182
12853
4340
7022
4191
5772
15879
2967
9431
13843
10136
5928
8976
111
9399
842
12940
778
11318
11193
11912
19294
3884
18770
6586
612
4587
1339
8905
16794
7905
4816
5582
8086
5552
11825
10414
11885
11310
3660
4820
8449
7645
3531
3216
3822
11016
9534
6034
3092
2466
13351
6821
7234
7614
8040
4716
11302
16045
8940
10878
9175
8508
19191
9088
9407
8233
1743
10182
10793
1865
16584
7754
9870
764
5072
14344
10655
11563
9471
8159
3313
1222
12956
9064
2060
800
2671
13908
12819
2918
13867
8231
17105
17604
7064
566
4359
15127
12449
225
14104
8112
11298
3089
1841
18605
5679
9680
13465
2807
260
5131
7644
2107
5777
2825
11382
361
2434
16584
9474
11406
11567
8732
5824
19698
169
3622
8873
14225
19807
1558
3730
6714
17779
1889
2018
9993
2815
13600
2643
7524
231
5582
42
12120
13310
11488
4183
6545
7511
6914
19499
4028
3218
17205
3645
6461
6818
8074
11098
9839
3712
3325
10192
5343
8114
8658
7513
5607
1369
4144
17192
19051
18750
13280
12852
1813
13850
2724
14215
17841
1895
10808
6118
14088
8490
1066
1951
9502
8508
2712
5876
11530
2557
17261
16009
15000
9272
5179
16590
8607
8565
3640
877
8963
18369
2041
3411
3595
11422
19567
3839
1601
2762
387
13707
12907
18319
8627
733
2060
8847
8073
7501
10713
11534
10464
17845
12156
3101
19446
5274
4010
4587
8080
11611
17701
3754
6353
10206
16818
1313
407
18485
5112
14935
6747
11635
8124
7675
5255
11986
10079
787
10902
4191
18517
18795
5388
9900
7683
4633
5658
10739
9312
8114
10512
6539
18408
19983
17983
16717
2688
2845
11766
1123
10062
12583
19961
17653
12628
4483
4448
9075
15600
16000
16917
9153
7925
3755
1547
16678
14086
12707
9759
9619
5560
7395
12111
4180
5861
8713
9373
7576
7664
8296
17218
10560
10844
4753
1843
7273
8394
6242
2293
15673
18902
9965
3583
16748
4401
2631
4883
11291
9341
6580
3900
5233
2890
10869
11111
18894
7539
4783
10241
12407
7287
13978
8469
1444
17945
911
418
4391
15415
3407
10237
5757
9130
5810
7340
790
15266
11830
94
17156
7519
388
17515
5893
11151
11009
12175
9809
7019
5146
10981
9219
9584
237
7045
5959
7326
12631
2686
10663
4466
10465
2322
1910
8131
14313
10836
1785
319
17329
11074
7992
932
8682
7938
15528
2046
4319
11486
11894
6116
1634
6495
1011
18896
375
8139
12130
9346
19138
159
8898
17107
400
15178
11484
6618
1128
8463
5228
2913
10832
6008
6127
17989
2591
9786
15825
12528
5799
6125
3187
8278
13726
10665
17471
3121
17265
18463
18283
8765
1767
5020
8591
11219
4694
13567
3207
8006
19560
8052
12231
2719
2539
8440
18657
19801
6427
3884
2391
10332
3408
15765
4802
18586
3015
3577
14975
8171
13970
18393
11356
10280
9503
1199
11462
9929
11625
4839
10575
10112
12256
7485
1666
17426
6681
17274
1287
1881
1078
17262
17524
12283
7443
15436
13690
7591
5973
17064
9355
10741
10355
18129
3052
7450
13442
9903
13151
12686
2434
6171
8461
5151
9513
12545
19093
2737
8755
6774
5559
6908
615
1465
2976
451
1160
2763
4339
14710
12256
1934
10363
3847
4780
3231
13683
12076
5095
7476
1522
16953
15160
8403
3736
10811
9275
760
11225
3445
12753
6564
15019
11963
1223
1477
12721
7695
6310
17963
14309
12062
2559
15203
7208
11290
6868
1851
6634
4822
10855
7541
11128
16515
804
13896
10184
8109
11598
6937
9765
2357
8394
3324
7354
6829
13965
19562
16353
3189
1446
9378
9769
6168
9067
5632
1321
9349
4741
17501
2823
750
13690
15468
10439
3171
19934
11440
8053
3532
16953
6558
337
297
2199
4630
5020
10154
17554
5888
13990
6893
3616
2409
1654
5179
7772
955
8054
8929
10548
9053
11780
398
2520
10063
153
19506
13310
1348
4503
17969
15157
1309
789
14410
19184
7882
6314
523
12814
671
6906
4016
2827
8888
9508
2719
15081
7884
9447
6181
9404
5203
568
5934
8376
9112
14885
11655
11259
3132
4231
19475
3674
2927
10121
12623
2860
11375
5370
3687
8217
4799
8597
8853
11424
19399
15947
14045
9515
12109
6997
15273
3219
2774
4859
1157
4403
2141
1475
9306
4302
15056
9467
10507
7615
3821
6790
13649
772
4927
6630
5335
7114
10904
941
949
1943
10957
1123
8812
10010
12757
1654
19462
12402
1184
17862
2571
4160
17655
684
7396
5294
9047
3821
13456
14205
8141
14242
6983
18960
17553
12069
7250
7738
3362
9115
1703
3719
4868
6565
9381
12077
19004
8292
7252
8625
2440
8623
6617
10553
3134
12726
17180
53
19627
1204
5115
5548
19016
4311
5674
9192
9788
5039
9457
3200
5524
8376
12227
4586
8867
5799
6975
17181
697
1238
3465
2055
9445
9264
5831
14132
12267
17275
699
12889
11139
13064
16674
4163
5782
13820
13553
35
3065
19196
843
14262
1416
17275
9954
18101
9442
963
5523
3362
19430
14276
3712
6893
16624
2208
5451
5865
3252
7922
3544
4914
8822
12226
12032
9147
2287
746
5236
11322
1409
5733
3000
3794
17877
2748
3099
14627
12280
2800
3352
1843
15770
7879
8846
10299
4834
5719
10656
13298
7730
10483
9323
10202
2206
3513
3947
5548
8587
8055
6124
3076
4202
17217
6385
9548
9650
11187
8967
3018
1823
1286
5959
425
9260
1973
1581
3464
11985
8365
8251
17157
9085
4695
5197
12391
7250
18660
17883
2221
3714
12637
5169
4890
7885
10983
1389
9694
3224
1209
11805
10627
1709
13310
13239
7324
11190
10408
17109
14381
11350
1787
19446
7514
9677
2516
16342
2546
4201
8637
13705
6744
12908
5299
2106
17620
2563
12978
11109
4510
16832
12580
10486
3302
12636
7758
5024
18403
13518
6487
6941
11234
11561
13463
18153
14859
10841
17060
4253
6834
1436
5788
18444
17730
5921
1841
7455
15082
8162
19447
7504
16389
7680
10062
9129
16458
12354
2128
8315
18872
18253
2970
6142
19006
3843
8411
12683
11790
123
6430
1210
11616
2692
12759
13532
19750
11481
11983
8056
7891
7203
9711
9703
8138
6417
6798
15407
5704
5048
16987
18975
1584
8075
19306
2254
8411
14778
254
12980
13020
2346
9882
10278
7284
8759
2504
338
6714
18988
4901
3231
12392
10334
13395
4001
17446
972
6460
7775
10679
4727
10439
18341
19814
10177
1629
17448
6958
6311
152
14461
6444
3005
11664
5304
9957
14094
16581
1862
12951
7889
9228
1385
16193
5259
8730
9399
4113
5479
8337
2705
9521
2453
9197
9380
3408
17957
8301
13602
2354
10209
15106
1405
2071
12110
9945
10921
5325
10209
1320
6575
2133
18306
1979
8944
10933
578
4252
13760
2818
7515
3939
18526
17164
15723
10275
14997
2631
3792
11601
1684
4637
13602
15186
10797
12021
340
16812
2544
19265
16744
4424
6277
11115
14869
3466
8652
6749
7482
6033
4884
1427
19168
9772
13277
1505
6321
13763
12495
2627
19034
17729
10678
16808
11745
770
1252
3294
8422
9344
4677
14460
3163
11134
3777
562
8420
16849
15731
19505
6989
1521
4972
11609
11502
5187
14087
1703
11391
2820
810
3419
6779
10645
354
363
9718
841
18555
8841
17757
11311
7073
12084
19826
9760
5210
17089
1541
3048
7264
1864
1010
8469
3391
10991
14557
12832
6099
13719
8973
10910
9887
19912
3562
2693
6797
6365
7960
9151
8425
12655
14258
7633
17500
4578
1381
4456
14952
9426
10257
4136
12808
12219
1280
9396
2214
1003
4580
3740
10778
6473
1395
105
7461
1890
3201
11210
11345
13303
2273
15293
18214
11911
10043
8220
12812
10110
8908
16909
6245
8411
7873
7175
11014
12994
14897
965
19608
1798
2333
8397
2067
148
11881
10014
5045
19552
12951
14683
4421
2000
18280
4697
7979
5899
8977
16906
7884
3647
2239
17415
19494
12532
8363
383
18543
5109
11548
10147
6446
10104
9247
3981
2998
18961
6246
3315
17478
19675
19044
16592
8930
6242
9732
5869
6639
7089
8364
9746
1137
18654
406
6574
15045
7927
10216
4199
2845
7979
3512
8675
767
10296
4033
12659
156
5624
5668
18530
5073
9451
6687
1569
9631
11075
5742
12080
8587
11761
10021
3948
9013
14323
19496
15291
7641
2842
18128
5752
2152
12285
11198
9662
7779
8863
11613
4983
12604
1345
8378
4482
9773
3719
5602
19238
10997
5579
12479
10746
9846
16613
1970
8944
11504
6645
5423
3076
11963
13174
8539
6088
3783
12738
10375
3757
1555
12709
3113
16497
8495
11363
6271
5836
691
6664
6179
7608
12123
17332
9773
1283
8073
5987
3980
13622
19385
4573
17761
6979
11554
16930
16865
18481
14770
9779
1097
2983
1639
10849
14175
3898
6764
6647
1069
17558
6874
10118
3324
2446
11818
12404
1745
4484
19163
19107
2026
791
6984
6627
376
7119
2663
19767
4730
2890
4002
7880
2621
11364
9205
7180
13877
8872
11596
2196
4314
4922
19002
6329
10915
7904
5209
15364
13411
18675
15109
4543
1062
12713
12182
4286
10794
12224
8705
2221
12734
11499
5614
4473
12955
8764
5368
6014
3045
7029
9030
11508
1215
1806
7692
4120
9041
5894
3744
7579
12380
18026
606
4045
10551
5574
5339
13063
3601
8559
14729
19708
5989
12108
17295
19325
3771
3656
5637
1006
14245
7896
4819
12109
1269
12396
10727
12732
9535
6712
4120
8914
8850
7008
1982
1478
629
13317
5901
6966
8739
12690
18486
2523
10278
3045
284
12397
9333
2046
12694
6230
13486
18761
19338
1719
2098
11180
292
9052
10435
12879
6585
12193
8382
5933
11038
2817
18711
18271
16871
18499
11513
2563
19360
1379
8667
16559
13837
14913
6497
5784
3619
12331
11288
15297
12675
13164
9455
8484
2970
6545
14294
6369
2169
12575
11895
5418
2901
1687
12887
2218
6494
4197
19819
889
3904
3563
10426
18817
763
14896
1943
1485
8195
15912
11611
5398
14007
6690
6148
17709
10818
4627
17104
15848
5459
12646
17367
11917
10940
12128
8524
11936
6572
11861
9681
6220
11373
16781
18269
8211
7422
6099
8783
2677
12302
2915
10159
16418
10525
12113
3113
2560
19219
12058
6601
3899
1820
17324
16437
16656
17386
4756
11661
9816
12457
15018
14179
12948
4352
3614
12186
17053
18189
770
18881
2121
61
14165
7148
9628
12974
19443
6646
9812
1797
12477
16729
18099
14638
4489
10569
5002
17175
3370
5619
3242
17516
11229
7289
13002
9200
14297
18379
9879
8224
15188
10532
1183
4456
10901
10698
12988
2881
8254
99
2081
1041
17173
5944
7174
3617
3286
11050
7091
6876
8347
19927
11822
11437
3782
5579
14149
2838
8404
9254
17914
9008
4130
6322
9841
5637
10941
18977
19451
12559
16619
7720
5055
4910
12314
6141
19310
12012
14123
2834
8900
2993
6014
10319
3549
1925
12765
2673
7229
7657
5928
1732
6301
10036
6404
2498
17302
16462
18051
10825
3119
5103
8337
9117
9191
4693
6179
962
2145
2791
8672
15160
6707
9197
6509
11508
11405
235
11225
18627
618
13218
1741
6174
5175
4357
1010
5131
6918
18651
12575
9593
17554
7161
4009
8186
19088
2685
7465
13022
2777
6315
9868
18163
5402
18024
5918
2718
2296
8408
1779
5016
16836
10711
59
4682
13059
3034
2051
10119
12345
13859
15275
4843
15771
8934
17195
15254
4113
4511
6980
3912
2222
5423
13608
11805
7408
7483
9673
9381
9813
19267
7235
7082
10403
11267
11049
18337
6230
683
11056
1484
17544
10911
9021
17877
17474
18638
18254
4939
9477
14034
10411
6970
950
972
5356
4172
10989
9981
10856
3138
12540
16421
19968
19888
11680
412
1455
7195
9353
8241
13584
18611
9546
5798
4333
3441
9055
15271
3276
12751
10689
3983
3863
16202
18891
8441
9071
409
11945
12327
11889
138
4677
7029
5315
1089
14098
3610
5671
3056
4853
1891
11996
3477
11222
16144
6613
13557
9130
1388
5147
4028
11870
14253
10016
2898
9891
10255
1674
12092
1917
8496
1148
9976
3721
1803
12644
3703
6929
726
12967
11160
3537
8602
8844
648
15750
12278
16139
923
4700
3090
16947
6696
14677
4676
4734
17320
7256
17925
9653
9550
1151
12400
3587
1219
10015
16704
9819
8872
9749
6023
264
8491
8437
4430
3480
10053
19378
18927
8071
15513
13292
4499
1325
9581
3837
2253
5992
3174
3745
6515
12456
16773
7433
6816
11804
12483
1663
4011
15967
7565
5206
933
12129
11008
2041
17909
13751
6980
1424
15220
12451
7976
818
13287
6657
11329
12686
2847
6647
15906
18807
16338
6330
346
16082
7224
6048
4752
3457
19557
1480
575
6253
12361
16939
6417
13525
6665
8770
9309
4282
220
14197
6240
12646
7909
12583
413
6560
563
7202
2709
11344
4026
6019
2213
3794
9039
1446
9057
1341
4421
8016
15124
1681
17771
1790
8629
5986
13570
8913
10280
647
7391
18646
18906
6369
4837
17238
6201
12171
5600
17507
4215
1414
9761
11997
6910
10338
3773
2471
15408
6252
3236
2957
9957
3354
5634
10354
10531
7511
10583
7515
189
4591
4598
477
11852
729
2400
2791
654
19304
8095
591
18336
19600
6210
8766
8796
7480
8411
19547
7251
3044
9721
10488
4714
13440
518
6718
3989
14572
2144
249
8532
9418
5177
2019
11631
6696
18637
2674
11090
15277
10887
8833
3656
12102
15122
12095
10361
13902
1568
6905
12548
16031
4540
14985
1627
9947
5232
9851
12609
1401
1782
2979
10788
2576
5791
480
2075
14693
677
3278
9118
3252
144
15023
10503
4576
9035
3480
2220
283
1796
4731
5465
8980
15750
3159
18288
1188
5911
8065
6209
3382
1040
15600
1639
1818
1344
7948
13223
9064
13663
7797
5546
2228
5811
1298
949
439
11269
13984
12045
18679
2048
9783
6380
6811
11119
1915
2113
11313
1395
10087
811
15356
2247
9273
52
2430
8373
4158
1325
841
6292
5148
2701
15974
8391
2978
16042
18721
15927
14864
2867
5914
2444
6469
12947
12205
7502
7724
8646
2012
3230
12294
2488
11618
4050
6422
13122
8310
10581
3727
1604
13281
10811
1054
3809
9632
1093
11958
10269
3448
7897
1407
5848
14653
10271
12382
3495
8992
7003
10020
3255
3580
6285
406
12448
13152
3114
2431
3307
889
13304
10615
6564
16327
11948
6961
1917
13116
9828
7783
2632
12563
8388
12935
1970
13399
7217
16154
864
7694
8047
2265
4971
16618
3674
558
1947
7630
14118
15019
2885
2976
7351
1965
3844
6610
9056
5582
10969
17713
9373
3181
11106
16234
11087
1726
7579
960
2139
5137
6870
11054
7073
3651
4348
12028
10140
999
2914
2180
831
2099
12265
2145
5162
9802
3902
7453
1199
5356
1964
12247
8903
14688
19874
18550
11539
9628
7145
6448
16596
3258
4001
15736
9609
2940
12832
9324
7596
17625
4555
3386
12267
5614
1680
1814
6344
2726
10632
1629
16527
4292
1264
15846
3067
12023
12098
3053
10535
5915
9429
7583
8245
2094
17561
10629
896
9082
17233
12785
12353
8443
9518
18985
13765
6005
9488
8470
17673
2520
1372
11371
1211
6126
10587
9014
8144
7018
2680
19977
12420
14961
9623
12389
213
13637
758
11307
8030
15061
14181
8067
7892
6343
12197
1704
8675
512
9410
11673
326
18617
10736
64
17736
322
7015
4256
7582
19155
5501
19009
12321
1335
14440
6427
4492
6455
11312
14500
3354
17895
8438
11130
10396
17394
423
18191
3901
6567
12222
18519
2646
17025
12317
1619
1072
13143
10218
8219
6462
10024
650
16525
8918
868
4254
3864
18547
2299
383
14695
2764
326
1818
2702
4914
4247
19308
14550
9900
11169
16828
17481
5682
4167
380
12796
8043
9350
2461
12319
8103
16098
12725
8357
6140
6193
2034
14708
8705
12265
9179
7532
18477
16363
2570
10424
9197
17196
7404
3574
9607
7047
10260
14565
6577
14116
6467
8115
720
4967
14137
3812
19154
14264
14231
4258
9770
2902
7804
13735
8463
2331
6811
875
15188
11277
10463
13934
9861
14186
7774
10277
582
5425
3838
11621
15179
10288
1099
8784
11959
1745
5460
258
11734
3524
488
6203
10841
619
15252
4330
4021
4423
6905
3741
6681
1605
13391
8714
6227
8041
4156
8061
98
1558
15314
8032
8505
16515
8236
17164
10937
5469
12007
15058
12364
4988
7488
10087
18400
231
15121
7411
3209
1510
2059
2905
11990
9611
7379
6084
12014
928
4796
15317
7283
9199
6728
11790
10739
18740
3582
606
4846
5955
11946
4683
1963
12952
10199
4032
10584
8355
6285
5276
1029
9743
11083
758
19232
14359
11043
2130
879
968
9688
9893
6512
6132
15480
8424
14928
10556
1817
5918
4428
13210
4341
3140
1387
11057
8101
2846
3544
2870
17439
12220
12417
156
11759
10223
1777
640
55
7085
8109
5624
12262
10789
177
3100
7098
4836
12360
7666
2133
8292
11213
6811
12544
5816
5893
5055
6882
2487
16985
11225
5407
3915
8404
11427
6385
12601
16544
4511
3751
15950
16161
1706
17696
9230
5295
7648
9701
19932
10420
13423
11626
7912
17513
4830
803
5628
17904
6650
5670
9445
8626
15524
2372
6337
11030
6044
3463
1421
4006
524
8523
6796
7426
14740
10140
3127
5825
13048
14003
1223
9195
18827
7439
11651
6423
11067
8725
5801
14245
4121
13641
13055
6971
207
17576
8535
11200
17984
4938
4132
2650
30
1658
6303
11465
14062
19955
9848
14815
9372
6074
12061
3174
4222
7390
299
17360
585
208
5400
11675
6166
642
13181
9613
8209
1153
17092
1450
5031
2802
13173
14517
110
7502
5919
6700
9426
2013
681
8866
6883
1812
566
14012
3135
1038
12410
14986
18016
12811
12096
1355
10822
8267
10839
19391
8195
13065
19968
5322
12617
16951
2136
5198
3572
5758
5701
4262
5462
4626
19138
9826
18182
10775
16235
10533
5671
2454
2151
288
15418
6686
12793
14380
3780
4314
6501
9930
12861
1398
2659
16923
6589
4561
4069
5534
2791
17025
16007
15213
1683
618
2651
3094
16060
6812
13330
8730
2350
19152
1451
12264
1645
11808
1307
3479
3910
13865
96
11173
13398
4065
13733
8594
9372
16248
11476
8220
15872
6193
3039
19481
5248
9021
877
3158
10110
4668
14725
6226
18571
4850
10620
6234
9586
13515
3455
8547
1125
2670
5471
11081
12263
14338
17598
1545
9342
7140
10782
5664
19415
11812
10532
16931
12662
7843
10159
4219
2884
16141
13595
582
14615
10550
7732
2766
12321
5269
6427
2184
4056
8227
15929
1165
3176
850
8967
9688
18682
5805
13401
19363
1283
3956
10830
14594
8077
1300
7993
9564
19270
13928
6189
2061
5642
690
19242
18750
19729
3127
14953
5855
10680
7006
4233
10953
5585
7591
12855
8566
2762
12555
11903
1597
6141
11895
6582
6670
8829
18120
16867
498
11579
549
4593
4256
14460
18687
16598
1855
12955
202
16832
959
8317
14456
2596
6294
8505
8378
2886
891
1827
19446
11079
2660
6077
9190
10738
8992
3293
13238
5958
1876
1692
6652
5665
11766
5988
19701
5168
10539
11639
16036
2936
16065
3007
17769
4387
3819
8377
5155
2988
2080
11008
11973
16874
1938
8282
11993
12092
2864
11334
568
3896
2107
4449
12709
403
12520
27
5100
2544
1273
6684
1694
12746
6908
4597
10345
15199
5409
3976
9690
162
9180
2007
146
222
11295
7374
10121
9739
5685
11087
5765
467
7614
4257
14552
11809
7149
4024
764
7471
12386
14723
1904
4972
10857
3352
11792
79
14799
19807
9110
11710
872
18017
7411
11517
6146
14767
4908
11383
327
12177
692
10446
8373
5717
3373
4259
8989
13076
13245
10916
1918
9188
11218
18008
10751
4415
18998
17995
8206
6102
11441
18010
1307
13269
1730
16766
10996
13141
4123
2265
4063
15268
3422
9761
12377
10229
187
6895
14705
11623
6375
10535
9763
2006
6780
9477
5526
7812
9523
7371
10933
2661
16226
8045
16270
15181
10037
12505
2828
3673
12590
10695
3028
6976
9308
12101
11169
4920
19676
10239
19200
4521
4658
10672
15532
10834
13862
18379
6823
8445
5439
6088
764
9475
9441
15567
11480
13278
19942
9190
7714
6035
10493
8059
1598
16028
7140
6768
12614
6487
8039
2345
6243
5969
2646
7895
686
10128
7560
1250
6217
16098
7794
18712
4572
16105
1349
2936
1521
4739
9099
11198
4207
11163
7839
8812
5783
13265
11919
8060
9823
19050
5139
1575
12305
3352
2795
12693
17475
71
11098
10467
11381
8205
11076
3733
13
5070
3112
15585
11986
8850
15837
2359
19946
14024
8302
3250
3220
9943
15926
9728
12229
16297
666
7664
15491
6165
12072
2240
3395
4880
10292
8708
8226
17076
1516
4630
15526
15692
15712
16481
6258
12548
2996
11499
588
15315
12609
11973
14255
6661
4879
19444
1743
10411
12434
5117
1072
13250
9191
5938
12261
7267
781
1727
18761
17135
2628
18803
17567
249
8263
4432
11498
4881
12392
15825
8108
6996
16848
5885
6399
4437
3475
11568
7669
19305
2549
7044
7024
9397
13535
7106
15905
15672
19103
3883
10465
10456
13059
10341
8913
589
6931
14086
10961
8080
12049
4769
9730
5058
12466
4499
8797
6396
8154
12685
13488
17690
6777
11327
7420
3206
1767
8521
2480
8102
11616
7072
19683
6757
1504
10018
10355
18754
11549
17627
7840
954
16199
1683
8999
18454
737
12094
10528
16085
1564
3297
17304
6007
3479
9989
9036
1999
9529
12413
10921
2758
42
727
15462
5103
10100
13604
6237
13582
19006
3079
12494
2727
16354
7680
14707
12936
3827
14326
15073
6390
18097
16134
2467
8728
13607
7054
18582
4134
363
2168
18181
175
1459
1190
1250
4973
19960
18018
11688
2410
1548
8771
9684
7502
17466
6719
4733
12751
961
14387
5847
5080
11121
5075
3116
8821
705
15154
11637
6692
13398
6160
4763
8315
15541
4039
14896
7960
3938
19636
5388
6605
6784
1638
4105
18728
3463
6056
7741
644
5028
11310
667
13106
7443
8992
2472
14981
3678
9994
16478
10560
2899
12223
1955
4704
4550
13457
14183
16072
6635
1522
16800
7728
4914
13384
2085
13037
2784
8563
4876
3391
434
1661
4516
7997
3921
678
3473
5473
4020
10348
3019
17043
408
3805
4598
5366
6111
9468
11296
661
555
11733
13404
9675
1498
4321
9889
9173
4543
9336
11905
6264
5252
10618
9546
7697
5314
19611
3679
11521
4123
12530
13876
15093
3678
7648
5548
12055
440
16865
5586
726
1019
1172
19001
9302
4688
17834
948
759
2363
15696
17077
262
7378
6428
9542
5030
893
4729
361
15612
10669
8691
528
15773
9437
18882
6747
10553
8649
1814
3574
10148
4017
16807
15406
7496
10764
14841
15863
9068
8843
16113
12191
13186
10068
2107
10991
2163
18908
7191
19879
4267
18465
19591
19927
5029
13389
12089
9854
5140
8907
8021
18947
10454
17286
8454
7988
10874
5829
4872
16865
17483
2793
11285
12599
11331
19171
4815
2014
7217
6581
6541
6610
2502
10447
10759
5122
9218
10214
8543
11146
16898
1971
2261
7025
5286
14770
3689
5666
10083
18581
14990
6122
4269
14763
3059
4438
12259
8660
6481
16202
4888
17346
7316
1250
6596
6607
10793
7401
11279
6336
8972
6618
7097
9500
7150
8601
5930
2156
11240
2608
14268
5843
867
5739
8106
14282
3811
11860
6488
9570
14872
3244
287
9145
7970
9741
5790
15064
9671
1378
14562
1618
6326
1347
6578
10205
2840
562
18554
16878
19292
9303
16605
19798
15711
6684
9786
9855
8766
8103
6874
6596
8059
12763
7871
595
11953
1581
11660
19300
9368
12679
10068
438
1942
11199
6372
3694
10860
5269
11440
9807
8252
19791
15998
9688
8571
12628
12212
3424
3674
18890
19234
8722
12724
14320
15280
360
18328
9818
8742
12617
468
3024
10909
13379
2149
10054
19848
12167
17504
6713
13282
10791
19680
13359
2614
5647
11566
8875
5937
6982
2673
19026
7880
13060
7547
11873
19497
10544
3919
11051
67
16449
16627
1300
5076
2769
7194
15343
566
2111
4910
16055
14889
6957
7360
5615
10654
405
7120
6202
1929
13193
12122
1338
13924
4849
18118
11017
5155
6692
12238
14361
5468
2050
1806
1868
8210
4375
9549
8050
6118
11984
5517
4390
1948
13339
4532
2952
46
16512
13497
11480
499
6465
17837
9431
4205
6387
2031
2814
11766
1626
718
10683
10504
1573
8571
2414
10831
11247
15606
19944
18127
6225
374
4447
564
2247
5589
2545
1981
4649
19265
11518
9608
17414
19555
3235
4060
8096
12717
12728
953
14379
6245
8969
12000
11459
1492
11637
12802
9871
11214
808
11178
2937
831
8889
13417
4971
17146
5122
18916
10857
16064
5827
12096
1168
16466
7926
8393
2994
19448
2320
294
2958
12397
3420
5276
1810
6512
8791
19940
12944
16139
3979
16654
8354
15778
4780
16370
13469
5275
16660
4571
10998
11375
10015
146
6295
7220
12230
19532
19455
9032
16925
8402
17117
14973
2859
2452
19787
12648
4140
14637
10443
15143
19112
11668
226
2709
6353
7400
9750
9968
12223
11162
9065
10213
5163
4663
5875
4384
1198
9372
8449
16885
5207
9848
47
3693
3055
1375
678
6450
9581
19700
5782
6905
8343
17364
9970
2194
7775
6595
3726
10673
4890
9400
6106
13434
6751
359
19195
12750
5124
8306
9070
15960
15767
11310
6684
14966
14399
5622
2363
3080
5873
51
14122
4026
2897
614
11594
5105
4847
7227
8126
13527
11293
6798
9601
17734
11890
2362
11753
11030
17856
5221
4703
15048
17141
8813
3707
17422
19763
8337
5314
2464
4784
8255
16831
16864
4782
5089
1699
5384
13304
11911
10812
16888
6081
16595
5782
17346
17628
679
13556
17393
16794
270
5164
6013
12264
4332
4006
13615
5572
8391
10899
18676
1411
18995
7021
4164
1253
190
19475
48
3283
10912
4161
270
221
10528
81
2340
949
7431
819
9462
10123
4869
17325
11023
5704
9189
12211
5552
14570
10385
12006
17788
3554
7365
4012
4127
8654
13813
12243
1954
12087
3838
5061
8176
9930
4365
9449
13094
471
2385
8736
11548
4043
8930
10650
15318
270
9582
13628
14697
14748
8487
7954
14478
18947
17806
18868
19944
8578
10654
4379
8725
11420
9016
3840
6262
511
5138
4504
5823
1975
190
11473
14654
1073
13628
2731
12747
2097
19359
3607
16435
10418
2592
7889
6500
4193
15173
1629
3191
11704
8368
6691
12129
5691
3047
17034
12409
2516
12838
149
19815
3951
15910
2175
9233
1749
11404
6520
9156
15561
14482
3710
5604
11141
11093
10778
9140
15826
6436
8543
17669
13960
8643
8739
3167
939
14019
5690
11184
10050
17026
17719
11894
983
1185
5731
19662
2928
425
12025
4539
1136
11325
8935
9270
8332
3646
3716
19064
10318
6209
370
6632
14827
17201
6514
12517
3141
13827
9834
1074
769
222
10072
7493
358
8070
467
2542
19481
15661
17382
16423
4763
2840
6027
2880
13119
1171
9161
17703
13005
3988
11309
7258
4569
12720
5834
4557
7136
14784
15697
5561
3111
1745
3726
2347
9300
10734
1992
13928
4297
10574
8854
12640
14020
701
6242
6874
18488
8619
19391
2330
14696
11383
14538
16178
9769
10681
2338
3342
6005
4082
8486
9277
16303
6644
2259
8031
3898
3761
19354
11028
12119
4356
9763
9631
3650
7618
14276
1148
2668
3903
14816
6055
7831
7648
7744
9480
9491
19523
12561
17696
8923
11024
5155
1844
10350
11231
17373
892
12943
3846
7809
3274
4636
233
11556
8603
2798
12256
13801
6751
7445
1734
18434
12296
19249
6919
14822
9940
11888
4488
10097
6747
5003
5331
1630
1272
6047
3081
3365
18647
6859
2566
19893
19554
10927
5459
8272
4907
6079
12622
233
4185
5386
9785
15838
2004
8494
3750
5877
7023
3127
2077
2200
10999
16060
11603
7281
3327
7735
8267
2660
9321
8776
19145
8814
9909
12552
251
9313
5897
11438
14373
15196
18948
12612
5296
7980
17507
3975
9267
15526
9647
12929
1757
416
2957
6
11015
8754
4931
3312
4125
1968
11243
10683
2150
5060
9369
9088
1624
6669
7533
15058
18045
12058
4919
3258
5699
11173
11437
12339
2246
11823
13422
1797
9790
4415
16500
226
3465
6138
2459
11458
19254
14434
5812
4510
6102
19791
6888
1966
19555
7693
16077
1988
19053
3163
8202
7781
10761
4319
13962
10795
14649
7337
643
13787
18169
1999
15812
1735
12655
11266
11744
3332
751
17490
3036
14888
9329
8678
10873
10635
820
2330
13635
9979
7695
7062
1590
1884
7675
8915
16627
7558
2242
8077
5830
10972
2918
5254
8149
9486
15473
2176
2536
17486
12512
16696
10459
2546
10574
6371
16421
7022
10690
15882
12613
18415
1913
1285
17329
3128
433
1817
8511
12476
6746
11793
17424
6208
11324
12701
11071
17294
10920
1421
9581
12185
5857
204
18697
13684
8999
6493
5314
10448
166
9014
8493
13849
14531
639
14357
8784
9826
15240
8998
4262
13688
7982
10551
8670
16404
1612
5211
4448
108
12225
3238
9244
1673
4294
1439
3364
7569
16107
11562
7176
2584
12214
12594
2768
486
7835
11065
12444
11303
3994
18848
12636
14549
12348
12565
5550
2438
1227
12575
4635
4565
15092
17163
14031
4881
15069
15444
12124
7975
19559
3092
12559
5936
11330
1005
13293
2362
10099
6997
4021
15416
11014
3589
3413
10153
19571
4737
7593
10505
19538
1637
5943
698
3966
628
15468
7824
1227
544
3828
2943
14631
14520
5499
549
338
11188
6247
17623
861
12226
5906
5676
3524
4590
9577
8972
3307
563
3558
9110
5433
548
3629
19796
17303
15130
488
5183
12359
12411
6115
3922
10852
12686
10151
2480
15806
10913
11319
11380
10834
19670
2348
4092
2411
6290
16817
14357
16187
14692
11293
1861
3160
2229
116
2491
6999
1619
6813
17366
15112
4253
17185
11704
16727
11119
14217
19049
4126
11019
3668
18090
11403
11
10074
2240
18389
3433
12452
4541
2589
6762
1128
12558
19559
9902
4997
15366
3925
14969
8482
3277
4264
12351
711
16424
6966
4497
1721
3303
7050
19882
7318
5393
158
3384
9365
11888
17528
12139
18203
12636
328
17567
12476
16264
11293
2633
2263
1582
16235
2275
17552
13083
4413
1592
7533
14171
794
18030
1936
17859
7225
7254
6230
10272
17508
8309
9588
8835
8494
7760
8493
6633
4499
122
10003
4844
15924
2557
15843
11947
12752
4553
16863
985
1057
1631
10121
10377
10875
12541
7685
5525
11589
7656
11532
4592
18997
5530
19823
146
8077
7025
12146
2173
3640
6899
14692
3121
835
7650
11296
4916
1275
2276
12805
6911
9514
3503
886
18121
8849
13846
8112
18676
15205
16982
8751
13401
4681
10784
11007
4148
10127
2500
12387
9776
12493
4290
5544
19952
8769
13424
6887
13826
14118
2602
2556
2052
7697
15773
6633
12596
3636
1681
4842
2649
1264
15898
10583
18323
6360
2653
6556
4899
16618
11523
12375
2073
3084
5375
17878
2689
5064
11231
9743
14125
9799
4917
6844
8865
1647
10082
1340
9410
12060
8007
8587
6812
10015
907
9661
8629
2042
3019
11740
3252
4887
7269
4135
12113
8107
2691
12263
2716
10414
9960
12464
8909
5815
2524
4412
1070
7226
8375
6151
746
8225
18703
8074
19028
2603
4353
248
1240
15943
2145
4314
5794
7630
5986
10698
2288
17540
997
5586
9912
877
12642
9283
8921
11407
2647
10324
3651
15659
13971
2145
17509
12443
6337
2815
11194
17226
8885
9312
7955
16790
2520
11115
10371
1831
12531
5657
15405
2029
18973
5520
7118
7867
1541
8831
1482
16485
10270
12125
14551
6298
14958
19266
1643
4001
8469
1411
8166
213
14685
19918
2687
19521
7782
11466
6096
3674
10991
8075
9153
9503
9219
10520
12278
7089
297
19677
12631
1010
11530
11983
1283
15551
15264
163
1043
8397
11043
12173
4368
6021
3315
602
19764
18047
19333
1004
7809
8095
12365
4185
10564
1330
9328
9826
17991
679
8390
17556
12217
5614
6481
11776
4318
722
1889
1883
5719
8406
12228
5270
19951
624
6638
7067
2858
5255
6955
4459
19917
16462
12423
14618
12622
17854
10810
16231
19194
597
4533
12605
10504
8209
5709
9707
929
8939
12138
8643
15020
14707
2414
3349
796
9199
6822
16649
3288
5779
5426
13502
7021
7199
2773
14406
12118
11163
4635
542
3783
8627
7117
2127
12636
14611
2645
293
6884
9921
11922
19058
1485
8030
379
10914
2350
1210
1875
13853
12791
10457
3442
1662
3289
1322
5325
18518
6261
12321
15690
2656
16453
1913
998
3362
18636
684
1250
10536
10911
14286
11921
11681
12528
9773
2658
4950
5790
1481
7342
3118
12447
9107
9153
13251
3080
13510
5064
16321
12674
11368
1087
2180
14861
11263
10712
2415
3409
2964
6634
16524
4073
9705
11423
12231
4910
13081
6939
11528
18020
10196
142
10516
5447
3287
17400
10595
3092
2733
15583
4352
5558
11784
17394
13347
695
6237
7259
18093
16739
15267
3367
12360
17627
11977
20
15292
8575
2843
10367
9201
2744
2899
1963
14824
936
7998
9712
6809
7442
3317
15241
19082
12297
7097
2332
2868
19674
10059
3015
3605
16057
12080
9936
10164
19629
19496
3145
921
10042
2921
9540
5609
14929
10493
10333
16450
17402
15520
19840
11322
2589
10488
11006
5848
4083
18738
5844
1007
10480
1313
6197
12094
908
12405
9821
3913
3862
13244
3765
3573
16248
10620
2212
6406
2504
8172
18620
2969
15444
11574
2688
11584
15179
16524
7383
15457
3595
5421
4561
1581
3054
15638
2556
18337
11252
1449
422
7294
911
2335
6223
12105
1776
14988
16662
13570
2965
10327
17728
1893
16079
8086
10920
5827
8661
9067
4714
7581
4554
19296
1806
9189
16911
9572
8148
4277
16392
8931
5827
15852
1552
5703
6866
2540
10556
9585
16786
14325
13999
10101
14402
15135
2435
7033
49
1370
4978
3883
11953
14597
1096
4261
5888
6448
11753
16706
405
4563
13282
12477
9581
10378
18896
17646
10643
5303
6930
8643
11473
12214
2863
7072
18457
19006
18055
5527
1650
5245
17340
13797
17283
10513
7772
15954
736
5061
18549
11527
1528
9938
6519
12525
1914
2449
6248
7818
18347
3521
10123
10906
10761
16029
9773
10638
10013
9755
3060
3495
10146
6341
4680
12530
3032
9271
8479
3457
8039
1981
5067
11116
9555
9386
10050
4652
12516
19960
944
1236
8307
1955
8702
1326
2452
3651
11744
7257
5030
5261
3522
8771
12187
11561
2737
3624
1832
11986
9225
7592
10636
10479
12034
9610
18368
7988
11001
7251
10531
8823
11583
12740
1922
5300
11652
16598
2729
3744
11522
9815
2540
8877
9321
930
6645
13058
5741
18752
9387
8631
1970
8160
16359
16308
16979
7575
19382
3527
5845
19384
6253
11271
18030
12530
16432
7116
15605
12396
20000
10218
3112
8257
19112
12818
16288
16828
6310
4839
885
6642
6170
7424
2481
3937
14192
7075
3157
17100
19853
8188
11469
19092
2203
2016
5877
6166
12149
19204
6536
17831
9361
540
4557
2351
19921
9236
9600
1224
3432
18928
10465
9686
19564
5445
12479
12676
5343
8404
5090
3938
10110
14090
1339
16159
13126
4856
17516
1800
6921
9459
10838
19294
5365
1259
6855
18298
447
11916
9312
3392
4177
5366
11432
1796
8953
19709
10259
3871
4941
16704
8560
10895
10783
14986
2100
19345
2149
7146
8298
8480
7205
11250
17015
16619
9251
4177
5039
13816
19242
113
3130
11578
6939
17745
10307
16083
9561
8864
14534
459
7569
19166
17847
1676
5578
4563
8051
3618
10160
8715
10376
6774
9760
14040
8451
1380
8946
19110
10940
7522
17930
1948
13636
240
4030
13208
12106
17181
19684
4263
6128
9888
35
6535
1265
17041
6806
10909
17294
8458
13663
5717
1629
10913
1650
5533
8945
11363
11837
4961
3816
624
1208
5476
11062
8344
12752
19683
340
10617
691
11658
6281
13045
10299
7570
12852
5878
4315
9281
13886
6785
19691
10624
3971
4955
11315
9530
18874
8862
11993
5882
12489
9690
4074
13154
2218
8300
11562
3115
2555
11742
9789
11199
12808
8100
5777
120
10681
12435
18257
2102
3995
3263
3658
1155
17807
8315
11963
15303
11797
16846
2943
15114
4279
1111
10138
7373
12630
4258
5605
18535
12020
11270
1722
2976
9478
1124
13342
14512
11319
10783
17393
18965
15900
1532
5974
5814
2044
8536
7107
987
3388
15564
12136
11144
17772
2177
543
4925
11634
19347
12248
13456
6042
8040
14306
8709
3866
1005
19320
10162
2599
3124
785
3861
18298
4207
966
2194
6848
17452
14401
10190
16965
11470
12011
3245
17278
4463
19506
9771
8984
15671
8315
4477
419
10715
1197
2821
2270
11766
3961
11735
10849
1481
10571
719
1997
12882
9650
366
6420
557
3503
9849
5192
4461
3392
17008
11141
5977
7081
271
9310
14310
11782
13446
2216
3320
11892
14137
2024
7481
6968
7446
893
6005
19190
7866
12685
8123
12499
6723
688
404
5444
17907
13919
4481
12095
8810
18971
16246
862
7488
12125
15320
82
11300
9760
12472
7885
5879
19184
2892
14734
1832
7122
6674
7690
10799
3697
16708
16671
11208
13611
442
3257
8405
18336
2146
10624
274
6102
18464
12583
18582
11820
17733
8406
1454
14341
7377
12050
8442
13616
17257
5873
17444
4121
14358
1888
16645
3249
9923
1552
1782
14879
13941
6884
8086
1283
12584
18172
7648
14670
5645
447
6186
10436
19557
2025
16413
9580
10908
10330
19384
18366
8806
155
14851
3273
16987
1742
18004
14439
5266
7677
17188
18209
16766
5503
18094
482
11595
617
1357
12541
13398
9563
10099
19357
17776
2278
6696
9296
4689
18973
3433
8595
9212
9571
10940
8924
10615
6446
9109
2473
11975
574
12490
15820
141
9665
13974
8531
12258
3297
11984
6073
5460
9812
6217
3150
8350
13346
6376
11335
9544
4532
5254
1574
7428
5569
13384
14984
1123
9335
18591
5744
19963
6923
8001
11190
3418
7458
11206
5679
1095
18235
4290
5659
8157
6915
1445
15729
18982
17174
308
17578
10585
2165
5606
528
5844
749
638
8325
2520
1281
7787
6451
9190
12861
352
19064
15773
8346
12436
7053
1905
16912
4890
5722
10410
9662
6015
11420
10818
9627
11365
2865
1052
17338
3489
12489
18597
12703
1942
12621
4172
3461
6896
5516
288
16747
16960
12681
8974
1025
9179
17126
11927
17494
3953
879
16499
17151
8398
1127
9513
488
11506
11603
4009
5818
19536
12136
6031
176
10089
11734
5272
18425
11591
7665
18402
10861
16024
3778
2917
1104
11184
13554
1843
4839
4126
2546
13297
4318
394
14475
6930
10069
5171
15625
3416
6445
8779
7335
7466
6903
15886
11864
372
727
6407
18042
14881
1403
6529
8123
90
8958
17070
16105
12379
16026
4377
6171
3034
9169
4812
4896
6679
8762
5889
9099
13057
6668
13416
9755
6734
17772
6462
12173
12152
19062
8584
9441
56
5101
1010
12748
18340
8035
12618
19426
4937
9287
19995
7393
3302
17
555
13470
5806
10255
5203
11920
9307
11469
8354
17023
1107
9895
19728
3083
7580
14126
4227
3996
8766
1531
2788
10412
5341
17623
3550
13046
5427
7846
18748
18653
14287
8247
19231
1692
5872
9389
5442
2482
16672
8906
4590
3337
12369
7072
11613
19050
7288
7991
12143
4259
3755
8030
5966
17908
4124
7314
17218
14140
5970
3312
4723
3654
18764
8314
1313
403
14646
14922
5253
3206
9479
2874
11367
16082
10207
12560
8828
7492
1732
7498
18309
14896
5047
3085
8200
10524
18616
9773
909
1998
17663
17819
5560
11830
14869
17746
5513
8091
11638
608
1301
15015
10183
14805
6786
11986
7127
10765
7173
5391
16727
862
10332
8217
4409
2944
12395
2043
17035
734
1847
16322
3344
9121
6915
9411
16098
9911
13870
10891
2569
6886
8265
17323
3834
14739
3353
2656
9072
11089
7697
9924
683
6602
8525
11414
1515
19471
3310
10282
8491
11775
3353
6160
12062
12729
17998
2821
18538
2946
6664
17052
4903
8117
9913
811
5302
3021
11812
117
15425
16851
15000
7834
10135
8008
2063
6561
18852
9522
18186
4321
11921
12007
6986
8210
11841
12539
6030
822
871
9129
272
9702
2312
10883
8030
190
3124
10298
13466
18505
2852
3596
4464
11595
11442
2512
12827
17840
6811
9410
10582
6199
1622
6383
3170
14046
9681
4671
7325
5132
2671
5510
9309
12385
10212
2922
2416
8670
10124
15826
627
6835
6991
8018
2260
4941
790
5080
9864
9852
7529
3830
4843
7525
7248
2925
2267
2892
17094
10238
10675
8736
7804
12208
4488
5220
10227
16961
9190
12416
7255
16397
1704
1772
4156
11807
18105
10104
793
13754
11086
2076
7655
8006
8864
5635
13816
12731
1802
8854
6264
13199
1191
15881
8260
12415
9224
1512
15725
12416
8024
19935
10827
4643
10576
14860
7937
10569
12505
581
11124
9644
12646
3337
7275
5546
3021
3592
16166
4432
937
8146
6654
8042
7537
9312
4161
17932
1334
16676
6281
9855
11070
12689
6977
3500
9988
19754
5367
13834
9516
1132
8512
4168
14023
8411
18222
12282
2315
6797
4498
804
11535
4633
8402
3175
3626
15805
5449
5325
13033
1009
5985
7606
12338
10639
2737
11745
2619
17759
758
8890
18441
549
8883
4582
12938
3114
18537
10735
6993
8074
17140
3855
7093
9826
6155
926
5225
7863
17429
12540
9241
5223
19596
5150
11081
3313
14963
5689
11085
5059
6326
11407
17672
7815
6918
13980
8742
4749
18002
17343
2552
17047
9476
9737
1042
11814
768
15848
7814
2024
7997
9520
3743
3838
9153
1422
10109
430
3103
3020
14099
5486
4335
9283
3618
1483
3729
228
2420
1661
5378
13540
9111
14603
17786
12139
1215
4637
10379
9179
3194
6085
7641
7585
3026
10093
10138
14814
3014
8511
1965
18962
8613
4983
4953
17100
3470
18601
10252
12564
13195
15377
15633
14677
19271
127
8174
2284
8147
4447
8258
1617
12253
809
7745
8360
7979
13805
9773
17638
6938
19804
1716
19043
13210
17143
8396
8900
7973
1944
14479
4998
16387
2307
8247
2794
9183
11498
9335
18308
5703
16739
4959
7777
2822
3754
9517
3771
13889
12438
1492
1662
9812
10588
15118
4632
874
17669
8320
5411
5886
18321
10834
145
7253
969
3371
12156
5784
10630
10863
17579
8754
194
2776
1731
4589
3745
3989
7124
8749
11103
16005
10879
4809
8409
10290
12936
17294
9915
4589
6815
15058
5804
5261
3694
984
17531
11207
10945
19561
17929
12173
6073
1036
2835
10214
17008
10795
8102
3089
10954
9414
4257
11929
10431
19732
13768
10711
18699
17021
4879
1579
14449
5816
8193
10136
6099
1637
13043
2626
1267
11786
12299
2504
5607
686
5872
9218
13822
14391
9872
8569
1941
12676
6772
5160
17688
2090
16740
16919
12505
7311
2905
9873
7410
17576
6087
2123
11962
11507
3431
7476
15753
7284
16677
11994
2763
11312
14319
6242
11847
2954
6136
10308
17069
15264
1167
5035
3937
15717
355
3112
2474
17054
4755
11801
13177
15003
5815
18781
10650
3451
12271
116
2652
16126
12495
13369
12735
5384
19144
12255
11906
16539
10774
8012
10858
15538
6539
12632
5459
7997
4446
547
10870
7839
13298
15898
4222
19081
4968
14728
7371
14100
5253
1116
2434
17473
6913
1950
13786
2545
661
13361
12583
11523
5089
9512
6437
11793
7936
776
6916
11561
14572
8609
11958
10124
11825
9675
19705
8809
12403
5474
10405
3415
2943
10018
2260
8500
9427
15650
14485
2368
6828
18480
13615
15065
19954
19695
10005
3957
14213
15731
5198
8129
7559
16504
8609
19836
199
12390
12707
19507
15472
3589
11104
16826
13558
5344
1515
4399
4188
507
6470
18831
7717
17204
14192
5109
4737
4347
12530
4663
179
8272
9416
17438
18725
1569
1231
1768
11467
9505
2994
11743
12791
15303
18357
8632
193
11820
13502
2220
10452
12386
17223
13078
6586
10869
196
10384
7301
4610
19124
8174
9986
2617
9834
10007
7422
16500
18840
647
789
18229
8096
2406
14239
11138
2427
5831
13593
11455
18213
18720
7669
15279
11759
13420
10497
12554
9730
10401
6775
5917
19668
1458
2666
7493
8940
7141
4267
11049
757
8370
10975
1979
13924
11936
8193
2508
11114
9823
13846
14162
15097
19749
12085
3002
3702
2569
12467
16013
2050
993
783
133
19880
348
4898
5068
10374
13695
12836
15864
9372
11232
6943
3145
5847
484
7061
10654
2522
9177
1456
19899
3056
9170
141
10267
4212
3174
14855
5045
1404
8775
3749
3408
8554
612
11011
14789
15537
18078
6273
11417
17383
2698
8494
8632
1455
8362
16210
12176
8899
14092
19038
9299
14916
7168
3380
3306
289
12282
7670
4121
425
12844
3056
23
4785
10721
4676
16778
6980
6713
10681
6308
6093
3399
3075
18784
19493
10059
10577
6267
8958
240
16857
7506
15724
6406
13539
7551
2006
1342
3032
9459
2272
6919
10121
9618
3509
2475
9983
2897
13943
16808
3429
6193
1574
13903
13015
12921
10930
9151
5290
13013
8321
12159
57
5872
4448
1405
13618
12722
9738
14505
708
9017
5720
4433
14855
1657
9966
5915
13130
9524
10658
1892
11453
10392
4043
3643
8290
2107
6189
5532
17812
9559
10150
7086
8661
7493
12280
4700
10649
3898
12469
4788
884
16965
1772
673
18436
13732
5237
12712
7965
937
19741
740
16345
15281
12946
7522
8220
9150
16846
11580
5800
15641
15140
11127
4806
8905
4332
14075
4623
14289
11183
10678
7550
6445
6417
8943
533
6027
704
8938
10450
11466
8801
1217
2032
12595
1877
16541
12540
4761
19470
3223
10942
11890
5364
15857
3811
11155
12405
9171
17869
6926
1008
6759
10650
9578
11264
7796
17621
14086
3593
6138
4191
16109
12132
9202
10938
9432
9195
7171
3099
2470
4547
5476
13421
8764
13196
1717
10342
1501
522
2108
139
7432
7377
320
9473
17460
146
4871
6362
3277
5895
11952
7676
7147
10720
15824
11217
8246
1868
10285
9393
9244
9255
8604
10223
12078
1318
1850
3941
18942
12163
1325
3520
2329
488
11352
10955
12932
1886
5825
12989
19863
13747
13955
7043
17532
19468
14066
15051
8551
9936
11154
8565
5491
2993
885
18521
10240
15481
3801
4569
8685
6424
11582
7525
7959
11919
10408
16912
5040
6460
12633
9462
7166
18051
12427
10538
4728
18273
2160
13121
3521
8208
2218
14336
8898
1849
19690
5062
7017
17277
16745
8761
7684
5697
4584
14002
3259
3549
11815
4039
14577
17764
12519
6236
3865
5553
3745
1289
5175
949
14659
7370
16157
99
15854
6378
10595
3063
401
9548
1539
18602
2563
19006
11865
759
12194
17758
15294
331
462
3913
8543
4686
9028
17800
9535
13300
9756
2842
1521
8002
11362
11008
12052
17632
6070
938
6220
1636
9186
8484
2756
14424
10301
14368
10598
14609
452
4866
950
10287
5012
2990
146
2803
10952
9906
810
6948
1173
15315
8158
12159
8390
15737
19388
4834
14040
14681
17622
6486
8534
4102
7750
2784
10642
14326
17761
4167
10023
5430
12476
11747
4690
8142
12641
14377
8938
1266
9680
16921
6947
12013
5686
68
12647
4525
7246
1566
879
19151
12858
7687
13412
2665
3423
17561
14200
474
6211
5809
14051
8049
10248
18878
4190
15584
17190
8362
13346
12927
10730
2251
6591
8351
6449
5065
1819
18837
1762
9069
14864
8003
4494
5838
644
3398
10344
10171
5991
14817
7781
2599
14767
7052
11698
16152
2611
9180
9464
397
16393
6129
19440
5043
10624
7395
1766
5478
4380
4169
17200
7816
5909
15310
18539
17155
12303
7861
7834
15102
10968
8710
509
2594
12419
799
2386
3881
6215
14908
11343
18347
15542
13378
8347
17704
18430
1550
9167
8020
12354
11745
10416
19654
11094
4488
5513
2847
1245
5037
14411
15450
8482
8383
6948
9464
5272
4450
3232
12681
15666
11926
3682
3994
11810
3976
5345
2946
16562
3643
5155
11626
15780
9588
13626
9503
202
12137
9376
3576
16644
711
12884
11848
12285
13253
10322
4643
7909
588
4980
3473
11565
3203
4619
11348
9764
188
13691
4857
11507
14144
3513
7456
1018
5915
1638
19819
11881
18664
11368
8392
5695
4699
14189
767
3299
12080
18367
3482
18467
1366
19270
11320
8911
10426
7424
8336
19220
8310
12001
19525
11386
2870
5931
15054
5213
11278
11851
1666
17484
10430
633
4102
11907
12544
11854
8983
7913
15735
10563
790
329
4663
2029
17750
9872
11861
8187
9574
19083
5901
1483
4415
4254
7285
18607
11724
3524
9189
9795
3645
9994
15906
3595
11434
11275
5519
14767
6344
3081
8275
7062
5293
431
5161
2851
11203
3785
7881
10898
9134
6273
9018
5937
14525
5336
19732
6718
3155
7432
1655
3589
2963
2332
5677
5654
17805
8876
1696
14408
5770
9530
15868
18064
5177
2030
17730
1151
12119
1618
4817
4062
13313
8492
4980
4523
697
4255
204
7185
26
896
7484
11176
7131
14585
10743
18418
10085
7808
3178
17617
8789
18549
6793
1672
848
6398
6810
6168
2315
12578
18339
15159
9557
4231
6837
11760
9610
17803
10805
17598
6936
2501
11214
11398
1200
8474
4216
12470
9068
7487
12262
13825
8930
19665
9747
6040
6636
53
9803
808
13909
16433
6232
10646
17540
1063
17203
11994
19944
9941
1286
12830
712
3310
8643
12917
11591
18422
1319
4604
537
5344
15276
7826
8328
4039
15538
7223
3557
4142
907
12261
9327
3960
19464
15953
10853
6278
11654
10464
4524
11797
9048
13961
19327
10708
6836
19759
9497
486
3229
1659
4196
16827
2580
19771
4959
9998
9853
5788
4849
12286
12818
8617
1296
2030
5578
2721
15312
9020
4264
2233
941
8898
8067
1047
12982
4557
11352
18538
7487
10656
2162
5610
6437
6473
3029
19635
7103
10271
6029
6817
4906
1664
3962
554
16689
2988
5303
7102
10653
3680
11439
4959
8162
6708
5503
352
11334
12116
11785
11231
15664
6559
9053
8482
13108
4065
3976
5524
577
10288
12282
3292
10342
233
9561
8577
1608
809
1479
11456
8837
970
4243
11656
9925
12324
10627
15420
5190
14815
3453
15174
7204
11289
11415
15740
16746
2940
4036
5364
12571
17116
11708
5478
7231
19507
10567
14086
16303
3869
19057
11582
2975
16851
3310
3470
5806
9
360
10467
10350
8710
5708
10295
5587
16806
4408
11822
9342
12753
13091
7980
15047
4985
9514
9848
8332
1782
11966
8305
5789
481
3407
13330
11171
3603
534
18599
11219
9499
6501
8684
3766
7874
16399
6347
15670
2238
10840
12913
16808
8408
19515
12021
1340
2527
11325
11848
7558
137
11700
5050
10922
6125
2006
3219
12681
17056
6308
3372
6350
16627
2963
10545
150
11626
11870
6744
7075
19419
15630
1406
10048
15594
2948
5957
9554
3847
4876
5903
9347
11204
10050
6265
2862
10679
9985
12281
11753
18293
3983
12246
12757
17161
4074
9961
9831
1142
12497
11958
12500
9042
11347
4203
8351
9087
1528
19157
6402
6376
5552
5413
989
9632
14719
3718
14145
11194
4582
4987
6556
4711
12016
11195
9538
14036
738
7051
896
10079
17151
17823
13248
11741
12670
8881
8763
16142
10189
3581
8898
5786
10849
8290
13067
13620
2980
10073
9308
11883
10686
10323
9176
11728
3519
5396
11628
17356
2578
6449
2585
1181
3201
2762
8159
2548
1928
7528
9486
13103
16827
1013
17132
19383
18679
350
11781
4921
10601
15050
1494
11365
832
3479
9463
11080
1172
11545
4268
11626
10259
18993
3594
2439
4815
6095
11914
1965
9097
11208
8175
14331
604
6901
1495
18868
16297
4689
8323
16070
11846
3729
6919
957
16901
5856
12880
12518
11686
2
8536
1285
10397
7269
4843
5397
16353
11430
9495
13827
13497
17193
1942
4969
17478
8213
987
15883
11376
3379
15038
17619
6706
9317
12103
845
1189
16135
2651
9346
9198
18183
3050
12405
11719
7299
1173
17920
1742
10502
1728
7435
7631
7266
1819
6481
3602
12813
4912
9235
932
4700
9260
3673
17510
14848
6638
11149
18104
13666
8689
117
17412
1631
7801
3763
12298
12388
1343
351
10638
3177
6972
6496
580
3885
11063
12812
4695
3925
111
19365
2396
8675
2247
4656
6778
18712
15957
11923
19701
2314
9288
18006
11295
8484
7549
2999
16158
9280
11873
14890
11195
11909
4963
1879
1839
19553
6849
19762
12206
7365
2030
19416
849
8770
4710
3470
8293
1895
3026
12090
149
12151
13274
3134
18776
19469
2894
3224
3898
10928
7667
16218
8363
3444
7437
6090
8554
14677
5809
8378
8847
11540
1959
4165
17947
2960
14049
12110
12640
6275
12191
504
6800
12226
10622
10244
4583
3442
10277
19182
9303
7562
8621
15335
12823
3724
275
17105
7211
6947
16799
10492
3058
220
3185
1091
8529
8196
14353
7813
3363
5254
7027
11493
10813
10561
5228
1025
4707
19082
10904
18
9965
2855
3015
14024
6518
2982
1356
1763
4714
7489
9827
7025
5614
19763
3140
6539
16780
7640
9164
9677
805
11430
10791
9945
3765
19693
11517
4556
8101
431
14593
14811
2195
12223
9658
4853
9890
19579
2703
6840
17313
19177
1589
11376
1948
11891
16793
16787
7300
3426
1484
3742
18271
16156
13201
6222
10416
12829
6759
2397
7749
9655
6999
19810
6114
17290
15741
3943
14641
1697
8342
13513
1670
3857
6542
498
12595
13682
9415
8054
19569
2204
8232
3439
5865
17216
10891
10617
6565
7691
5988
6893
666
5980
18546
5662
7794
11423
7912
18197
16507
5649
10905
2893
2098
15123
7525
430
18284
4810
14885
5418
2410
4060
5784
9145
19418
9450
12492
2292
1197
974
18155
13939
2365
9524
8267
10184
17115
1432
5043
12536
16953
10339
13326
3261
19484
5
19602
2460
3775
7537
4621
12199
10600
827
9972
3090
18795
15826
2476
13110
3712
2814
11668
2984
1318
4696
18264
5591
9908
4172
7159
8199
8707
17263
7151
11760
7901
17280
11757
15893
12324
19488
18646
2278
9954
10545
10549
5525
2356
9136
6691
16568
7318
626
1623
4259
8333
2336
8179
9571
18582
17170
6506
17211
8529
16045
8691
11006
10765
4700
5198
19121
11218
13647
1753
13310
5009
10230
2258
7480
6957
10300
10217
6097
5638
8036
2573
18781
7177
10340
6259
3141
8728
16932
2022
9611
6138
6133
10098
5248
4675
11761
7822
8551
6242
5591
108
6279
9645
1410
8226
3539
6253
2830
6743
9530
12713
12107
15757
5581
115
11965
11056
12788
2516
11705
12098
11759
8055
15103
12132
18670
2809
1399
14212
11375
8908
6254
10185
7643
12622
11821
9344
6302
14093
62
18564
1866
11926
4414
9102
12779
6210
289
4194
12169
8064
8712
9046
8032
6528
354
7553
17087
18756
1062
5640
5570
295
9165
13223
12719
10347
15407
2113
11923
13892
8996
12743
5274
8774
15510
17227
13744
10255
9289
17602
3803
10068
14154
4634
6357
10605
14648
10498
6251
991
4406
15602
18199
1677
3211
4606
16765
8573
17856
6334
103
14796
919
19419
1857
14705
14924
6969
5396
8306
15532
11815
2915
873
440
2855
5447
2293
6104
12637
11851
96
4063
11514
8806
3891
7106
10022
14972
19004
3832
4656
1332
17211
8017
17333
2583
17743
11158
11857
8206
7683
5412
12137
4664
472
4488
1620
7565
400
18201
14252
15670
19840
4409
7481
488
3508
457
19928
4165
9919
4207
4718
16881
41
12296
2767
11125
13559
6157
12108
662
14201
6216
5248
306
3734
9427
12761
224
16696
4245
13158
17732
7799
3259
9829
12661
2822
5464
6155
1103
4479
7132
6384
6039
18992
11126
607
12787
5474
11913
1857
17573
17709
9520
8132
6570
14878
11825
13102
23
19747
12898
3012
6927
17500
2943
18808
9988
6466
1383
3606
9715
11796
8665
5134
17182
9958
17233
511
5575
6152
1090
232
18994
13783
563
2541
1816
11302
18298
13387
1578
3850
954
7772
4844
11816
11995
6889
685
6495
8365
11955
2792
12021
9372
6976
3932
18403
5939
742
1900
1440
5329
281
1301
2030
7179
17140
4339
12518
16134
3816
10290
100
2259
14472
1941
8499
10697
7697
2057
11766
1924
12250
18598
18492
1567
19071
3467
2753
15154
9869
15799
19299
779
1740
11655
7787
1486
12592
6835
12920
4365
8510
7879
12555
4326
5983
1377
12948
5535
12614
11119
2399
14626
3073
9798
12190
3768
15266
3747
10998
10919
12298
14018
9801
9803
9338
15232
13190
14806
12633
9168
1778
13767
16580
8543
16533
6187
8249
713
18212
14743
8642
1208
9778
19937
11618
10688
10678
13473
1632
9051
18554
1866
2743
17701
10665
968
3417
6295
6102
9977
2375
5604
8781
8556
18290
8341
4154
13307
11982
4676
6683
2759
7772
9211
5478
1143
17076
1035
17466
7152
18164
8907
3175
6451
6218
2391
14492
7354
2083
11588
12884
10737
11698
3108
7424
17460
3360
8574
499
8204
2039
12395
1168
13000
1452
2801
16180
16893
12783
9471
12643
7486
4307
9164
15571
4026
9118
16336
1530
8249
17359
6944
16696
3412
13555
10282
9925
2646
13735
14100
14680
15991
8042
2933
19356
626
7818
432
8756
1196
9611
11797
16712
14435
11734
918
10487
3767
9832
16649
6907
9148
726
6210
6426
4155
9505
2894
5073
3564
12509
559
7073
2676
2689
2523
8279
12542
6158
4115
1341
10650
1504
16516
12291
8632
7734
4351
1162
10210
15361
377
7862
7293
10350
6787
9457
2782
11412
11110
2079
7565
15004
14374
3781
11322
51
6260
8153
3554
753
1104
16104
4448
18247
996
9642
15219
2890
4898
4870
10483
8546
4505
9284
4434
11089
11322
9974
629
8676
17805
19493
12048
3227
5521
14941
5891
6200
7480
1305
18519
2570
7743
13709
9910
7158
8078
13909
5549
3402
17076
11840
7074
16993
7648
10940
10229
7254
4319
17888
5464
19305
7481
16284
7855
5874
7529
1953
7398
3049
2848
12176
8501
9265
5625
6083
4180
11399
3930
5117
9949
7694
7887
16339
17831
9688
8359
7479
4380
9845
2763
1609
2111
4380
11810
6300
12032
11098
6406
11945
4987
1116
35
5621
10771
5182
5429
10883
12530
4433
5727
5402
17725
6415
13419
16661
10425
383
6821
1197
7265
2086
19957
6343
17986
2515
9632
5500
18908
969
2782
8844
10393
8459
10042
1378
1579
14121
3084
2565
10056
1101
19509
10084
9924
18595
7775
16831
658
11436
3154
3734
11002
8354
19990
3026
8633
13704
6956
17493
3484
15321
17004
9538
3482
16205
9340
8525
14452
19339
10837
14081
7213
8241
5717
3826
6570
8260
3075
12137
19688
8280
10183
12681
12224
12479
17733
1091
4956
2706
4190
767
18038
9601
18501
14949
1172
18554
8802
9326
10822
18010
13416
4110
2587
8535
10262
6173
1127
6121
13296
9130
15733
1116
4059
16671
15467
10519
11611
14002
14915
10122
14445
1457
15523
4249
14723
10027
8513
12778
931
8158
