10000
20000
7982
1983
10686
13934
10287
2762
12427
3862
4246
554
12179
1686
2672
14154
9603
4534
7592
8624
11584
6905
4565
533
7259
3772
8099
12801
18488
8945
3458
16649
11454
4445
9105
10697
9631
16307
11048
3199
3172
6127
11208
3628
3904
18067
4452
12171
4785
10625
5164
17999
277
3516
10332
9791
6034
1727
18313
4273
8004
5402
1319
9831
5701
11473
12059
15691
7422
9683
6852
1132
13231
10010
5640
17366
3040
6727
1407
3795
518
9211
18178
5731
14004
2262
5010
4668
11495
7728
18728
9443
2831
14840
12640
3654
5726
3024
7364
4479
10451
293
6553
4840
10884
13775
876
8542
11213
4844
11963
6936
5370
1565
7363
2436
5269
4766
19469
2822
9841
1702
3735
111
12627
675
1476
95
7171
2258
419
9083
4566
8993
4736
14125
7481
17317
12365
8446
7805
378
11342
14867
10981
19966
2791
16010
6033
14508
3078
10035
17576
9050
8143
7055
8199
8177
8684
16490
17675
1200
11505
9432
9536
10815
17
2449
11912
7700
10434
14572
6122
10376
497
8988
12064
23
2181
2253
9407
7449
3700
1917
1508
4035
10568
1722
18115
2333
8079
20000
6255
10113
8550
8271
10120
8185
7811
5869
14440
11925
18596
3393
18923
18830
4411
7755
6402
10047
3670
7013
727
8636
464
2202
9821
8089
8346
12840
19327
9980
3047
5911
4997
8126
8825
3478
4998
3236
10959
3034
2864
11391
16939
10357
12889
4357
6565
17752
7619
5518
9202
4041
4785
15598
3762
4451
9932
9813
2620
8113
1011
3208
17162
12104
10759
8766
10019
15750
6770
7194
9100
2414
8059
9131
5967
9889
6922
10821
16167
923
14107
9085
6672
4371
293
7718
2481
3121
16168
10511
7719
8684
19032
10425
10800
19051
1772
11033
11932
13687
5796
9298
5908
6146
3966
6416
8295
15387
6616
12868
11992
9036
5635
12259
6090
5242
5420
16861
16775
16954
7625
7582
7314
7443
8709
5286
2835
15351
6572
2792
14780
10401
8053
9573
10781
13422
7603
7847
1420
11996
4250
1469
13010
1987
12273
4793
6805
2869
10556
3978
18057
5591
6471
11130
18263
1788
19282
3303
3401
12198
3999
4611
8122
17980
10044
4363
4383
18794
11824
16263
16021
11068
11560
18373
7754
2264
14399
12534
14124
12446
1711
15270
16242
4032
10714
11196
13996
9793
12215
19701
1130
10607
8733
5921
1935
14720
3889
8026
5876
12174
7023
3368
6588
2931
6970
10582
10491
7715
8228
6802
9925
907
8188
13256
12504
4333
8667
13915
8361
1272
15660
18792
8688
19722
5759
8858
15538
10661
6700
5708
5682
13298
12199
8035
791
9657
2825
14184
6747
13243
7512
7782
16505
8629
7675
11240
19284
6678
11712
3664
10087
17787
4458
2902
11697
4046
15899
9959
8668
14819
15045
6105
11026
2798
11121
1840
1182
19525
9227
3282
7779
7418
7379
15594
18272
501
4549
7775
7518
19378
7075
914
2783
7104
136
10682
12582
17909
10283
159
15941
2418
6645
8696
16555
3898
16163
5221
19659
19793
4666
2764
14411
8630
494
10293
7281
385
15408
3268
6637
7803
12283
4377
12166
8736
3677
6025
12262
3765
10342
15867
14085
13193
4211
3746
19254
16878
2775
18557
8532
9460
12621
1071
426
10633
9824
799
17701
5586
3542
3376
2874
12680
7937
16094
4375
8403
8292
9149
10154
13896
18885
9586
7475
322
11606
5069
9067
2913
9476
9389
7762
965
4956
17426
10873
4233
6945
8737
4116
5152
11694
17306
8189
2865
4939
3577
424
3569
2802
11054
2474
8708
3486
988
8136
8723
12152
17268
12738
18541
5090
12431
13884
16798
11296
1838
14832
6672
13737
2898
10453
12643
16528
12282
5805
9805
10035
1504
10673
5138
19328
7987
5630
11202
7563
7986
4668
9526
1393
2957
17202
17352
8745
16795
9387
7349
2415
634
7110
12244
2384
939
1057
2291
14165
11849
4675
7542
5807
13422
18668
1294
5607
10820
5597
6971
4835
19051
4390
11137
1559
13840
11732
1068
945
18760
567
14756
1315
12623
6548
5070
13678
18755
15152
5608
179
10335
3319
12706
19609
8344
17295
6429
1598
17370
14080
9733
10398
896
5663
9870
16036
6870
5791
19535
6963
1774
12439
5665
4915
5700
10482
10166
5948
8338
1305
2010
4068
7315
5984
17291
7401
4152
7091
8375
6717
7308
1278
10265
18580
1864
5567
6547
13199
9782
5645
6891
7910
3686
13828
7397
2359
18545
7512
7908
593
1617
1269
13729
319
4221
2647
1415
8213
11430
16239
19476
14300
11091
14193
7471
17854
17468
4990
6505
8112
19400
3284
10934
7970
15047
13974
4553
9479
7855
11965
2960
14853
10456
18908
10900
11804
7734
84
2255
11383
2393
2269
11051
9907
11654
12783
8383
14226
10387
5235
2985
9759
5029
7500
9289
1631
15274
16997
7939
3260
1110
7737
6418
9040
8349
197
8173
6387
8085
3567
10651
9317
9193
15890
13398
5787
6557
1040
9857
9546
10470
8023
6505
6580
5061
47
9404
4757
3718
1896
1804
5676
7644
18918
6434
1003
8731
11529
19171
18621
755
16863
8963
10265
11151
4393
3020
8107
13073
6990
18573
3197
1964
18881
1026
12008
15902
19475
12392
12445
19668
2552
7676
18161
3740
6394
984
17196
19431
8640
3725
16977
15847
7773
448
7242
1987
8248
932
2491
10330
18847
2107
3171
9053
9290
7788
2322
4747
17296
16419
13934
11275
7725
523
3298
7531
2318
14476
14381
8220
450
645
2150
3177
9824
9256
7409
9819
10040
8824
19555
9935
14395
3395
7765
10322
7306
8703
9866
9569
1824
15014
15999
12163
6590
7057
3128
2403
11802
2838
12389
4495
17990
6017
8758
8882
7809
18292
2692
15474
1697
5662
5531
19816
9916
9660
5577
5986
6937
10195
17064
4667
7097
17065
8491
12053
4900
5734
4681
828
9525
15661
14124
17594
1637
11066
3641
9882
3320
16891
861
1405
13866
16623
4412
11454
7416
1792
6585
14502
5998
12127
16868
2350
3956
14051
17095
18905
8823
15681
10607
525
10360
19595
5562
4021
17719
9833
325
13879
18141
4215
12755
17238
1004
13091
14109
1576
12936
3269
12764
10421
2722
6109
3383
18484
3432
12814
5036
9541
12174
13308
1313
2766
11514
9414
2984
1911
9139
4260
6260
4900
10855
2015
19518
12533
5215
10963
19222
3231
3779
14629
1930
1000
15756
8260
2935
6949
18894
2785
4147
7956
10882
1230
3895
12376
17621
9720
18509
14872
6450
804
8349
12214
11311
7403
5366
5713
9018
6805
3807
13018
8514
10070
13275
15126
326
8139
8542
5176
3902
1524
16563
5307
2987
8270
6601
6658
2879
6007
7329
2609
7851
10433
5720
8647
2317
5618
3124
13442
4278
7234
18608
12785
8669
8082
17992
1623
12070
1516
14371
1381
16047
3646
14724
5460
6944
7766
9903
10309
12752
13597
2172
10297
13656
19251
11421
10575
3480
6190
10382
8481
3275
12306
13825
701
2572
815
3111
9252
8740
8669
12351
101
4187
11897
6910
8375
8858
19261
6498
2200
130
10400
9910
4744
4591
3410
5188
12389
5673
5077
574
16293
7633
15517
6347
12949
7046
10246
4274
2869
15738
8856
8328
3887
8440
4379
4474
6715
11409
8506
17464
8596
5771
2457
3879
7160
10728
18038
18982
4802
5496
9761
2971
3975
6623
411
12517
2034
2948
943
9120
12800
6110
7539
2072
540
7422
1790
1838
7544
17692
5766
8875
8240
10628
5632
17096
4222
9789
11703
5913
9308
3581
1384
4381
11326
9933
11204
2599
5707
4093
67
19434
3776
2249
1928
5574
12483
5478
184
10964
10631
18453
7514
13491
10660
1380
11149
1808
18708
14372
11949
4087
12654
6287
3684
221
19778
16597
16623
11849
10809
8331
8440
1766
7690
6962
2669
10282
1852
9288
5442
5187
11839
6545
9196
10758
8937
19812
18360
4407
6097
4726
3599
5527
17901
4006
17451
16209
17932
525
11606
11140
9427
17540
5639
18510
10840
5170
10459
1564
12640
188
11573
2611
19737
9707
5237
14045
12470
2364
3673
3285
9038
15978
12151
1714
11668
5628
4374
8371
1556
8814
17296
1870
9970
6560
10440
15128
6690
9441
1130
11476
8551
7385
2407
9948
10060
10553
1805
1713
15908
7811
4392
5443
4578
5369
2075
18046
11352
4071
1501
15802
6353
12368
12116
19361
6093
7033
5907
158
8639
14454
562
4299
2376
1976
15441
11447
5713
12116
18508
18809
17450
7891
7645
13719
4166
5019
7893
12149
19603
10752
2936
6206
9659
2506
2396
84
7772
9093
3231
12440
18951
15307
8075
11000
3227
2929
12459
12731
11231
6772
19466
11533
6081
18370
15920
8491
19185
232
6491
8334
8157
10047
10911
12056
8747
3733
17278
11039
8536
8604
8966
6652
5363
9205
7501
9234
19929
3867
10605
11424
11086
7312
15007
11077
7104
744
14297
438
8188
119
10343
10369
19533
8667
3018
7198
2520
11592
1044
2074
19928
5464
6719
548
4474
15471
3344
10580
10393
752
2383
13758
4151
3105
7203
2554
18304
6078
3215
14384
11358
12513
7055
3174
1499
6285
12209
10250
2587
7581
8020
798
4277
3599
993
9414
18357
6607
4620
4371
3315
15269
1193
1805
2001
2239
11566
3298
6552
12860
11244
7153
1583
3517
1517
16661
3680
6604
15724
15667
2187
15306
5975
14274
7462
12666
18886
9916
5179
11694
12088
8328
10944
7605
11954
2406
17845
3841
887
11799
9504
1914
11238
11410
6152
3493
4823
7431
15411
6290
17235
13745
7264
488
8885
10718
6148
816
10084
10717
8581
12996
19950
12396
18008
9206
13252
3775
19290
5760
8632
6000
2833
7023
16951
2890
6753
1071
12582
6003
7885
4341
17470
5084
5395
2030
8006
5034
7782
13002
12405
14626
13834
2120
1381
438
11090
2785
13494
11666
13881
9652
5544
8837
18530
13236
17493
401
5008
3603
8306
2353
4773
7181
12516
588
18556
2645
8035
9886
16132
7136
7951
9217
13379
11091
6836
14078
14790
2317
16447
14902
16329
17588
3038
4399
13836
9633
11802
11359
4176
7787
12787
11449
11604
3572
13823
7002
1425
3765
5410
6322
215
17930
5260
10676
6822
1277
1909
10556
4493
275
8473
5379
15747
19289
17044
3460
2310
3789
6940
2412
7446
12429
5793
11107
6385
2464
15429
6909
10317
10629
10012
7615
12599
5823
9922
19954
942
7229
7774
12105
6366
395
4059
10834
8414
6587
2464
9022
1065
9009
7028
14352
17948
3985
6068
2440
3444
9609
6736
7661
1477
8894
9000
13724
9403
2520
2890
19379
9681
7308
7977
7644
10130
4909
14748
9305
10546
6194
411
18004
12460
8165
9850
18276
7674
2097
5796
2175
7894
16489
6966
5218
18323
19096
2976
11297
17531
10988
7708
8815
1383
18594
8876
12
3520
80
12981
9138
7224
12469
3742
19550
2407
4321
10246
15583
1319
10211
1672
4800
15630
11382
9008
5844
5903
9419
4283
6438
1903
5461
3280
3966
11561
1974
10272
4275
3360
10669
1023
14516
16231
1885
11519
16724
371
17340
11184
3513
10747
12192
9370
5955
13333
2761
17271
4412
9200
17390
4241
4708
16529
11433
3870
3609
10126
4290
5405
14953
11723
19932
9264
5463
2520
11329
7319
12047
12135
5582
12688
9610
3919
6783
10769
736
11234
1433
9825
7793
7598
954
7609
12817
7894
7360
6334
4055
12462
16187
10332
7716
1465
2388
17921
6772
12674
7034
15390
7494
10428
11441
8446
4490
12570
7609
6724
3696
10350
11167
7335
17003
13186
5702
9197
2471
11576
8500
10120
10224
17282
1500
3475
3230
1761
3822
2570
4609
5982
2880
17260
6193
15369
17499
1970
1842
6229
8710
2605
16073
2480
6995
7521
17826
6916
1036
11715
12061
1167
1371
2804
4572
1538
11707
18843
3309
12571
8514
1379
2680
10595
13163
7897
9032
19559
8677
6596
3961
18199
7934
9986
5797
2976
2445
1767
11886
2442
7841
2389
13899
1041
10989
14554
10931
11044
2097
5579
1995
6336
4775
13412
528
137
8754
6781
18051
19149
10087
9324
5143
5113
1848
1117
7483
17975
15076
11281
3880
2287
5280
7417
12522
19129
868
5361
17902
4323
13909
2877
15
2887
19414
2021
15233
17097
942
14064
1978
1076
16408
8673
8292
9074
10829
3828
739
11629
945
19863
1574
7208
3999
4745
13616
14140
5782
16115
9924
8756
10497
10600
4786
9000
4967
4222
12483
3898
8663
7178
14534
8595
15281
9597
12152
13818
8436
8320
13558
4409
140
6673
15810
1295
5687
12987
631
8341
11772
4759
1741
17202
10091
356
15946
13308
3538
1319
8271
2901
7428
9763
10590
10210
18377
14103
13004
10250
10343
7610
18922
7571
5708
13463
7731
14108
10752
8040
5398
9241
3373
10132
3937
11378
5803
15497
14289
9691
17422
15512
1659
5329
5934
4434
11706
10746
15866
19558
2967
9209
7100
2616
3737
3156
14730
10112
1554
9606
10642
12008
4741
6210
9154
899
2936
5710
18395
5582
12830
8348
5715
11592
7553
2343
14989
17
4434
274
9178
5923
4464
10400
16907
11539
1594
11219
8318
9094
17333
18917
15524
5971
9404
8328
3411
8317
9931
3486
10737
11917
11273
4727
18779
9713
5624
17806
13048
9846
9246
17955
11009
1287
2994
11766
78
6019
11077
904
543
12704
5430
7570
12142
17217
9588
6530
4472
4536
11952
6233
581
2012
8778
10597
12700
7081
4153
11679
681
699
13303
964
12553
16328
12658
14580
4571
9440
11923
6604
2278
11365
12044
8260
7658
17546
9411
9768
9160
5997
4641
18807
6097
2357
5658
1277
2063
7338
7258
9393
18869
3862
3220
17261
16264
11551
12329
18353
458
16930
10554
6263
10123
18095
911
852
18574
4966
5219
12243
12796
2805
8405
11537
14795
11182
12751
17336
3788
5642
16597
5244
5175
4065
12301
18359
3095
8356
9488
11462
10997
17057
5620
8608
4709
1268
4375
12377
1811
3693
43
10010
7499
14886
19492
9150
14603
160
3747
15661
9450
18051
16896
6233
3109
3314
538
6554
10797
5200
9150
2217
16018
10132
2456
18687
5165
4621
5084
17035
1936
15223
3603
4374
5583
4761
9991
3543
15563
11012
10093
3925
12962
3211
8725
991
12760
11522
147
2157
4547
8665
12171
6101
3002
8213
13086
6797
1883
1715
3223
3427
94
1723
17844
190
1694
10310
9525
8243
2593
13360
9925
7814
1196
7899
10188
3623
1863
8649
17265
7336
4625
696
15247
12992
19844
4027
8990
6785
10982
14236
13119
7321
10613
17107
5860
5867
10672
12005
3557
2250
1030
1341
8068
2107
17823
3179
763
11560
5804
2559
17482
11204
4271
5828
12610
19938
11017
349
8337
3284
5384
13697
1099
11652
17165
7030
10205
2292
11391
11214
625
661
12785
15299
3264
14058
19476
1011
4699
475
7612
3932
13080
17496
2452
11191
14333
11156
14177
13397
8750
10013
16503
19738
14870
13756
3837
10587
5654
4977
1217
824
12337
16812
12955
7322
6483
11
6819
1484
2085
14903
6898
18584
15794
2429
473
19272
791
5261
9092
5593
9004
7636
1483
1823
6901
3674
9598
4156
903
1915
7086
12925
7835
134
18748
8474
8148
1559
4547
8971
16080
12084
3684
9611
4048
11306
7061
15151
968
805
17641
3875
5637
4210
7037
10312
11041
309
15528
4783
4105
17417
10592
11124
10408
12763
2252
8795
12603
9381
10317
15979
12916
18123
18411
19085
2955
14679
513
12035
8616
10741
2121
1385
9105
7502
7301
12621
13139
2502
10354
1261
10098
1044
8429
19925
2577
18468
10434
11765
3649
19406
5817
3139
1897
4595
8095
2518
17081
6653
17621
190
13327
7957
12475
3012
11014
1601
11515
4294
13186
9028
4917
6895
412
4211
4718
13655
8237
13720
10679
10911
11772
11113
3998
8139
2632
11941
17399
12702
10452
4884
905
10775
534
14204
2456
7085
734
1379
3574
10698
8710
295
10473
8427
8798
18047
5914
14772
14356
9391
6947
7667
14150
1998
16309
9563
10568
13304
11404
3100
8243
17811
16916
17541
18740
16706
11768
3674
1552
18026
2479
18099
7543
3880
7621
18810
2928
2767
11434
8322
5439
17987
3613
7976
182
11414
5462
15818
11456
3461
11766
4458
13391
11890
3471
4065
1216
4320
2227
7364
3444
15216
190
9816
13358
14526
10146
8276
17162
2139
11958
9178
14596
4713
5470
9525
5956
11192
5433
10674
14123
9891
6093
8191
9982
9898
4114
14820
15381
301
3296
6179
15842
5709
7162
10064
5665
6914
1176
7729
18085
12412
9430
5877
12477
1947
1118
3444
1480
3949
8693
7722
3230
16171
5800
10226
8793
5394
11956
11332
648
13378
1016
14351
2098
7512
5116
7349
8746
4588
18718
5353
6199
11689
17057
11241
5569
10928
12340
5371
8987
8620
18979
14217
6514
4116
8255
12700
57
9954
7534
3258
10578
8374
147
3392
10557
7721
12572
16605
8256
9330
8430
2772
14234
10555
6544
6223
3432
18369
15801
11620
4627
7694
18522
1705
16480
4406
172
2262
18997
18707
952
15614
17964
2817
9257
5486
10713
11449
1009
17058
7388
6254
3613
13354
8837
15914
8090
7135
18698
12613
10277
8549
16778
16138
820
2624
7007
7658
3141
6230
16453
10333
810
3241
9741
1404
4561
10096
4288
9056
13172
16058
5172
5944
6918
16674
3344
18220
8697
113
1535
16405
2191
10423
7735
10777
3399
12007
2279
18887
6403
9205
8258
14295
14203
16337
3149
10463
15459
128
6921
5524
15837
3550
18177
615
8639
4054
3316
5947
1091
4957
3488
5192
5616
1554
6482
914
9515
1942
9552
3046
1309
9228
9698
10841
12260
463
12964
3488
7929
17461
13709
5552
1508
17607
11580
7955
19489
13021
8231
18351
16496
219
13636
8823
11200
6926
6996
4941
13690
18182
6386
6718
12397
16081
4447
18236
19068
9306
2570
19450
2825
15718
11970
10153
19488
13355
860
8981
6756
5614
9795
11007
10170
3651
4131
11545
15543
3267
4403
6499
1706
16301
6182
9192
777
5757
6704
3831
8284
8076
18424
642
6956
7501
17410
3897
12042
6819
17337
10181
10911
4547
13631
4739
8631
10061
10197
4774
4588
6281
6057
18315
17843
7236
5410
11387
15209
18760
11821
227
6524
1180
4517
7603
18169
11616
3492
2136
12697
11079
9868
12441
1771
2578
4819
16692
11359
4081
10130
19863
19160
3416
461
5598
10415
11747
18080
1391
12103
9034
9070
3575
4436
4546
681
9730
266
5849
4832
5469
11783
111
10379
11051
9567
373
2360
14793
7404
11238
5299
9795
7730
8328
1111
2643
692
11490
6807
7229
2744
9498
12715
6347
11163
7766
9820
16361
6389
5262
15502
16352
5353
10483
12176
14003
6645
3106
3012
17755
11540
12422
143
14723
6419
13649
15423
1763
12283
17945
17280
11324
535
10354
10941
728
19882
10255
10678
11232
10098
56
9030
9722
7962
8586
7794
10920
7459
7698
19153
15073
9808
12808
2174
7502
7923
10987
10270
18821
8987
5183
12721
17733
6523
9705
11387
6294
9496
1255
6768
18013
7066
3248
5633
9602
5424
8942
16681
5827
12417
4509
8150
19796
13975
4003
9208
9853
10890
3693
11979
7697
5869
8174
4964
15983
9403
10167
8381
9563
10175
10900
10208
2011
15077
8524
4982
12497
356
8662
10285
2683
12969
8412
6827
2987
5378
1905
7669
3431
3311
8561
8030
5824
2025
6173
3376
17235
19983
6099
2939
6146
3349
11920
8960
1232
5099
1317
7901
16766
15566
218
8663
5384
19281
14949
392
4799
5545
10536
8750
17060
8059
19662
10895
1417
15047
19331
13165
19816
3953
18071
1069
2432
1714
19633
2983
8084
4675
13267
12974
6018
10661
5905
2173
19459
18098
9713
4582
5094
5572
9281
12249
6733
2886
11739
6966
11781
13790
10394
2611
9223
1879
12857
4396
15600
16464
11952
19150
3839
7302
526
19937
14644
3746
8917
17017
4835
3811
6200
3515
18363
2282
117
8272
10074
18727
4050
2091
1163
5607
17464
3066
5351
7514
1747
5071
6375
10053
14917
3563
778
10284
12686
7983
13356
4189
2268
16930
6913
11229
7953
13537
11572
10996
7610
9994
10177
10327
14825
8807
8436
1881
8471
8955
8032
5649
9467
10862
735
16202
4393
16472
14509
11340
3850
2991
10883
12622
1568
1488
7188
18968
11958
4911
2473
18297
11689
6431
6237
5614
8505
11873
4951
6957
12237
11499
12565
5258
7297
6512
7126
4370
2892
6111
8608
1564
10297
19504
2636
10551
6108
19860
11596
8638
126
10675
14803
14874
16904
10147
7396
8506
4433
3917
14747
1876
712
4383
2814
4569
13824
4017
13538
1433
3679
5528
4029
5115
14693
9516
17392
2778
3740
6298
15792
11233
8356
8265
9624
7813
11035
973
7824
9989
4623
18253
12123
4162
3556
789
2436
1822
16580
9882
2950
11990
2761
8177
18270
5535
14891
7534
5777
19937
3178
9502
349
8118
5467
18115
17600
3746
7058
4947
19467
14320
10036
9967
9988
2928
9177
10916
14046
3186
1155
11524
15834
13345
7138
11105
15801
63
9060
10959
712
6309
16285
5175
7242
4951
1241
12186
10373
5737
7972
17164
9772
7380
12182
11852
10511
2902
14592
4901
15141
8269
19831
1606
9461
12625
14115
12993
1511
12149
14822
2438
8077
8764
5229
3421
2256
13594
3224
14918
18077
4978
10921
18192
1068
15721
16495
7483
8820
18636
12656
47
10864
8423
4343
7417
14064
12320
9603
10760
7935
9751
3723
13707
3320
9535
15250
15977
4359
17657
111
12606
9344
15252
12282
10232
3331
3175
6166
18453
2379
7274
6528
6362
1241
19512
348
8724
9442
10277
4282
4655
9723
7039
12298
7287
2080
13446
7429
7282
167
6954
7287
11258
11304
5705
2573
15419
3113
7014
12771
2673
8843
1320
9675
17183
13942
18072
11260
3311
15588
1400
17440
5933
3632
9923
12699
10946
2334
13448
5917
8945
12871
10279
19590
11507
7883
840
2620
10290
5685
3485
12878
1608
9900
8638
11398
4085
5983
5150
3345
3587
2062
7024
11437
9178
6841
4988
7607
1538
9481
12319
12401
1437
18848
15398
11318
928
8738
2216
10782
5780
7360
6118
16976
9201
5736
12452
11306
7509
7566
8004
625
8904
11384
12775
6170
1679
4172
1634
852
6706
11259
8194
4412
10702
3818
1824
3454
14489
14788
5059
1259
12762
3169
3576
2240
1252
13333
5809
17616
598
5465
12865
6582
468
2873
12403
10141
17892
17026
4398
8492
6567
2826
14569
2547
11549
6684
8045
16438
6871
5450
1647
4092
9275
11954
7339
10837
6042
2636
9887
3311
10897
6872
10476
5848
10274
8810
9486
9392
6671
19987
7862
14966
15868
14446
7531
3247
4257
10160
18757
4630
16306
4172
12390
6855
7759
5737
9558
554
939
14852
8453
2751
349
6629
12255
15277
2791
11043
15726
11338
16811
9750
51
2474
1830
3809
5762
489
5203
2907
17632
1847
17345
12898
7518
5734
7823
11422
14131
6932
1325
15223
15098
2296
18067
1686
1360
5647
4349
11611
18188
2628
18733
5124
7965
19905
15231
18169
3301
4088
9003
15704
86
1359
2556
12067
5392
7216
16243
12491
3928
12204
6139
7482
4312
2451
330
11108
18233
12724
6524
9355
13760
9588
2799
10869
17580
17297
10399
17742
2315
6932
13599
1437
7743
3128
15292
6152
6964
15325
14194
11142
8030
12523
19562
1096
13173
1254
3354
7142
11216
7894
9979
1611
7459
5012
13769
2784
6615
9684
12444
6778
14797
19445
15177
643
6739
13801
2456
5352
8546
15461
2788
616
30
3496
14868
7863
8587
7051
4988
18613
398
5836
15091
16979
1355
3067
16338
2622
11768
13249
17265
787
15332
659
11553
8737
3882
12251
14505
3901
3506
10560
4769
5640
12494
187
3345
14240
5584
4025
3015
7529
10380
4079
4090
2554
3953
13761
9602
1479
15942
9168
11540
6546
6630
5447
2174
8784
10491
5732
7142
14525
11644
19399
8355
9215
5895
4348
12600
9019
1789
19432
16852
5242
6432
10677
9995
9465
2509
11870
7058
3635
1017
12537
5501
3790
1228
680
4728
5960
9632
12030
5160
1216
17048
11057
5087
13061
16289
4419
9953
6719
10186
3600
18618
10751
3875
2072
18300
14567
3479
778
2137
17177
13384
5141
164
9056
19790
14606
5768
13089
5040
17311
5830
12000
11934
4918
17519
8241
7636
8297
10117
13125
6351
17162
2066
10705
5933
19695
16357
5981
4838
1406
2672
3378
109
987
98
10144
5572
5777
6246
5106
4962
7201
8280
2323
18342
1742
4299
7933
2872
10565
14747
12517
8452
16589
13651
13864
342
6130
9534
15859
5460
16049
9198
11157
5534
15234
15119
582
4422
8585
7048
17364
9392
19548
16887
15505
19208
19825
4009
11262
2213
5263
7356
438
10017
8657
8693
3867
13814
3417
1216
2081
6808
11771
5580
13243
7445
8036
4130
10697
17548
2191
9000
14559
11760
13350
6810
2292
7292
7768
2404
8399
19315
351
9471
16465
12702
15982
15217
4771
12037
18589
11107
13790
12938
18708
6689
1084
15368
697
11283
11010
1518
7129
14558
1802
17243
12600
9530
17458
17945
10010
12401
8230
14042
16013
13405
13134
7987
11484
2878
17207
19675
7060
9694
4163
16033
15604
16261
2704
5040
6743
9819
8841
2724
1473
13345
6318
9994
9675
14542
7044
14649
1295
8555
8988
10770
19122
2253
19781
9944
18388
14037
14993
7599
3704
18249
12104
18103
11508
5201
13774
16709
19160
5457
15541
8454
19134
2154
10211
371
7478
2127
8353
3474
17743
10887
11017
82
3236
15431
11469
8005
8524
12685
14055
11195
8384
8829
7780
16514
13002
11580
17615
4064
12083
238
15423
3052
4329
17712
16000
3247
4529
8884
17186
318
7474
8287
2308
4308
8605
17604
7295
12497
4030
17215
5202
12054
2116
4273
12624
3996
8048
7871
19659
12535
4640
12521
16831
11757
9880
5611
15550
6934
4340
9429
7839
14739
14448
9579
4038
11983
7700
9756
4850
5270
10113
11490
6889
5207
12605
10974
12100
3099
2141
12017
217
13763
17111
13147
6604
4099
613
16916
8373
4256
4344
16395
11408
586
11234
10754
8423
10618
6914
10885
12991
1835
2285
15471
12453
8504
12545
18875
11863
10040
16618
5291
18
3900
2000
9275
15615
3268
2726
11554
1628
14245
6964
11502
19180
19836
2399
9436
6398
19470
12093
3546
19070
7527
4667
14589
4574
2159
3018
3169
19906
12555
10349
14436
1902
5305
11268
11617
464
2282
5493
2158
11821
2141
10239
14484
12012
9823
19423
3186
12708
4004
15775
1072
1703
15811
6145
15908
19115
1973
10095
8135
4413
19277
10816
596
10820
19316
10793
3366
9014
9515
8490
2991
8637
10464
2739
15864
9255
17708
13018
2267
8049
8658
9951
13121
10769
9976
4217
13661
14054
18883
6536
3301
3135
14196
15802
4852
19373
13476
377
2337
13162
3169
8827
8253
18343
9637
1416
9711
3223
11547
15273
272
9692
2385
533
1829
1877
15900
6682
9247
2244
1103
11789
14516
14017
3897
6163
4380
7809
19841
10347
11595
10532
15106
17762
6545
385
7366
15444
8115
8562
3684
8578
1800
2559
14810
5657
11187
203
360
9948
11235
4192
3058
11991
5644
4571
4788
13059
7363
11256
3906
6648
19451
2780
1479
11317
13635
3556
17562
689
6716
112
12895
5631
14779
4751
67
2915
4899
3882
7189
2424
2592
2512
18148
12733
11331
15269
6941
16258
5313
6953
8449
214
16074
17289
6568
8590
5226
9832
5880
5237
17473
9515
2244
14967
12610
5415
4037
11052
8526
2315
1113
13892
6223
7469
11517
6294
2548
3382
11948
13065
2447
12557
4149
3135
9647
5476
17245
4516
5886
4996
11418
5562
4826
14137
10155
8194
3093
12413
504
8267
12876
8934
3917
4442
19431
4207
1749
4413
1044
11911
7832
16623
2916
2299
18965
5258
6371
10020
8510
4336
5656
8017
10550
3128
2304
2610
3179
19993
8427
10186
6068
17751
5075
10130
5513
10001
13920
19981
11940
5511
13821
2351
6907
10380
12504
3596
7066
12047
8765
12098
12419
1896
16207
5510
7558
6085
1451
7600
10462
2578
17980
3589
18001
11083
3037
9096
18405
11265
1331
2464
4162
7469
16967
5767
9612
13624
4164
11512
14365
6726
17365
18614
1924
3046
3612
669
9536
9274
17361
7497
3739
9543
1057
6824
12550
4828
9922
7520
10456
17538
471
1440
13927
9320
4585
6183
4514
15947
5248
4919
212
6439
9028
6040
12569
7777
6646
9868
18717
14224
3148
4726
17337
12015
8593
7273
10477
16707
10745
5585
4892
1197
4549
1572
1258
7855
1563
6119
4471
10014
8579
8640
1240
7787
5857
3807
9722
849
5717
18827
7381
14686
15476
7438
13714
11426
4228
1664
13213
9433
10235
277
1992
10456
13940
7941
5157
1018
16342
12126
8769
4327
10309
16844
1985
8521
6277
5380
6878
15630
1170
13684
8481
18332
14560
7818
17916
5048
467
7143
12237
6869
7742
8769
8468
5533
3421
14971
10831
18977
8145
2021
8218
4928
4831
4115
9800
4153
6727
2719
127
3025
14980
2685
12247
12291
11401
16546
17585
18762
2518
17428
6935
5103
2333
17808
9783
8019
471
4733
2463
13052
19749
4884
14520
13696
8168
14380
7171
4115
12735
19047
916
9776
1828
1727
2352
17609
2246
8334
15719
10447
9988
12191
1201
6911
2158
7096
10603
2579
1435
1412
8751
19556
11945
2754
14740
8352
3513
11984
13867
11759
9542
8853
3284
12933
18026
1585
1444
328
17967
10853
10679
19358
16885
7682
3445
1758
13385
13138
7110
4179
2592
2376
6293
8720
16310
14473
5767
11382
8457
3383
8631
9894
11476
12353
16633
18151
19820
2380
3914
7639
9149
1344
10649
2290
9922
563
9977
18563
5734
18166
16386
10861
158
14337
14507
17463
739
10142
12615
6652
7760
2680
9185
6319
16416
6562
185
8622
17860
10184
10364
11726
9927
10007
11942
11872
4674
2378
1623
12933
12479
15675
10869
3735
4750
18886
711
14932
3912
12828
10125
8329
18887
18860
6688
4450
7490
6994
6829
10611
9962
7645
5905
389
3526
18305
692
11041
9422
6785
10949
19934
19369
10426
56
14219
8615
5264
9506
4188
2526
15161
1265
8117
8166
3019
16812
18231
4147
2118
974
13452
1109
17826
16321
4724
5649
11735
16700
5806
14077
7854
3964
8550
14014
18442
14340
2337
3938
4822
18932
520
9597
2734
18827
6328
9091
13901
14204
9990
16618
2745
690
2323
3453
5904
4675
4212
8320
14288
11286
10782
1256
1770
11188
12755
2037
1477
6703
5647
15606
2097
6005
369
10619
17938
3731
13578
7865
17897
12490
1512
13152
12641
13874
5471
3547
11934
7473
5020
1580
8454
9433
5353
2438
6828
16581
2143
7079
10849
19954
4782
4604
5433
12253
12398
5714
16126
6721
16324
12317
3511
18733
6803
18316
6839
3782
15912
7879
16389
193
5540
4557
751
415
17511
14575
14509
8615
9600
1868
5302
5029
8983
17387
9126
12644
4727
14714
9450
19436
11325
17450
14129
17276
1025
14694
18866
9030
8039
11799
9085
15597
10852
1626
3428
12703
12784
3484
5637
1970
3632
11610
13150
8224
5025
9275
16815
13890
6628
6538
3022
10574
5645
5429
781
5904
17097
8423
6284
10826
6546
8901
254
14347
12724
7947
12764
753
5309
2148
15916
3070
17734
10604
1199
5659
9988
8293
7021
1679
5134
891
4289
4190
2188
12824
2148
6914
3555
9191
17915
202
19203
8873
9471
1621
9613
2233
10768
5452
6757
9024
1465
11779
6555
11159
7522
1582
2329
16864
18680
7907
2891
2724
8124
12467
12466
8907
13486
3272
6696
11932
8311
9086
4081
1338
9497
14337
4965
6747
9016
10282
4639
5895
7749
19704
9733
9141
8686
10065
5270
11813
71
8982
13077
18845
6199
4647
7224
11812
3234
2459
6734
7905
3290
11997
2324
8625
9668
2856
10614
1769
6507
8545
9542
18
648
10199
830
5662
6988
539
17877
9899
7123
7519
17251
8543
8681
3632
11348
19614
14713
3699
17807
19147
12697
6049
3684
1925
19735
9282
10615
11133
4578
1675
2351
13048
921
5591
93
3689
7060
10566
2285
2283
3412
12344
9197
14657
9771
9384
7264
10319
587
12424
19042
11252
12111
10945
15449
19598
4331
1927
15713
2220
10293
926
19795
13809
18673
1647
7226
11438
958
14761
16470
60
7393
4023
16620
16348
9397
17221
467
10799
6703
7506
3487
15060
8371
1748
7980
19941
15736
6383
8874
7664
3676
5683
8907
5526
4424
18649
1389
7910
10305
8635
3176
3191
6867
2102
12214
10791
11518
5056
5062
13398
8254
5097
10879
10498
5116
8884
1940
15649
15574
8914
1452
9184
19854
5155
12558
11358
16341
3083
8431
8424
9686
10294
6523
9875
10050
10635
17061
13179
13055
11698
12687
12093
8080
7557
13176
15510
6178
18135
12137
6587
5884
7528
15326
6517
1380
9444
3924
8866
1937
5951
886
781
3252
14896
8168
1640
12806
8816
10000
7791
496
7473
12520
2492
3900
3454
16260
18825
12191
5111
19843
12554
10819
11977
7992
17414
7606
5711
6485
10010
16372
6155
17980
7404
15349
11266
5606
5487
342
11419
18255
16923
18824
1910
7880
11210
1083
18636
5466
12723
9513
778
474
9446
9410
12685
1938
8716
3611
9244
5098
6684
2453
5416
11160
3197
7119
18053
13869
15583
11051
8357
14043
888
5984
16057
19623
2655
14341
6855
50
7498
1305
11465
12519
4168
1106
10123
6340
12510
4044
17923
16617
5186
5101
590
13026
13849
10970
16495
9365
7729
7132
6822
3498
9085
9488
11858
18909
5012
11569
11910
17028
9769
9222
18861
12001
6952
7467
18205
17063
4437
10976
12220
19276
4516
4116
11350
1171
1368
12272
3193
502
4892
3970
215
4982
16163
2576
13849
12738
2560
17241
5507
9033
4165
7881
14476
5248
6269
4933
9818
16658
3688
8817
735
8842
19769
12482
5270
19873
11312
423
2875
2601
9977
4597
910
5238
321
16983
9158
11183
12284
9010
16628
6456
18872
8698
17951
12732
6687
12055
4057
7133
7471
2165
1892
9691
11513
14222
7207
14566
8956
1623
4557
10212
7519
1389
5796
1538
10544
8478
272
7387
7263
6647
467
8072
12858
7121
11518
6925
5479
570
10068
9952
9315
12421
9475
10968
9181
12081
2689
15673
6961
15034
3687
6497
7526
7137
19664
6770
12135
4092
5041
12030
11586
4798
3958
10419
8642
18789
7233
8908
14316
11558
12129
499
763
12248
5395
10423
7676
18146
1755
7538
4938
11078
7233
17687
3335
11210
4588
11582
2879
3819
3904
17168
5436
5760
247
11185
13992
8911
10816
10063
4807
978
11801
6383
4144
7271
8622
16114
3535
19386
6191
6730
17116
18675
8595
13087
19289
8928
1615
7775
9647
9984
7124
12393
1701
1173
8684
7512
5765
15654
5043
4848
10191
5207
16853
9130
5337
19914
6250
11936
7693
10417
11220
10967
10209
3547
12693
5071
3061
4954
10769
19372
10095
12342
18631
17602
2134
3092
5902
16002
11600
13988
15281
3558
10876
9965
6795
9726
1007
11096
7969
12089
11023
7967
3810
10195
1713
4372
10879
3553
562
11601
12745
4317
12664
17443
6639
1297
6727
11222
9205
7174
11618
4607
7796
1258
19975
1387
116
8610
11369
13002
11593
13845
18796
16411
17136
1045
10979
9399
6024
12588
13801
3293
11057
10
11041
3104
262
15056
18798
14611
7641
3772
562
12239
5907
7154
19463
490
8744
7375
1887
16312
4764
17549
16220
7774
8888
19605
9839
14299
7434
2696
10257
14869
4352
3307
771
18405
11202
7990
7141
9954
14770
15228
5657
7342
1061
15224
11253
17634
1887
5371
12650
2970
17712
6616
2904
3424
10192
8651
910
17082
1467
4077
6275
10515
14093
4985
15413
5385
988
12284
7716
1596
4824
4894
17678
4402
7300
2515
4425
3594
9425
3104
17922
13415
8798
14765
12856
5144
3922
4880
3127
8714
17077
11699
10902
14828
9650
811
6544
15654
12045
8728
5346
3225
9315
1115
10953
9172
6790
14683
15225
16795
18518
533
6589
12120
11742
4326
19
16831
11924
2746
18979
4195
11342
18067
14818
14523
4901
14937
9291
13777
3851
8420
17560
1712
7659
617
10595
363
5989
2152
1535
5005
9766
17074
5558
2053
4553
2395
5505
10029
7791
12323
3433
9790
3936
9828
1408
3958
12703
16507
9566
8357
16783
19991
9053
6042
2088
10658
12499
6256
17783
16722
6707
3640
2744
6063
12514
4677
4437
10210
4826
11162
5788
1442
13313
4723
9889
5630
2919
19606
12120
8585
9602
19256
8273
681
6153
14543
2738
1341
3346
8091
19349
14962
10188
2995
8774
292
15932
12721
7355
8245
7896
1533
10225
19087
10692
5018
6826
18265
17072
5586
13961
6460
9646
12067
16649
3570
15125
11494
4256
531
6135
3907
15991
2047
4130
13783
10919
12010
7833
2944
15699
18347
4560
4559
6087
6467
8426
10730
2195
12525
10450
13668
8008
6570
7963
9181
10063
13738
9400
4984
7500
15546
16347
10242
8374
688
7854
3291
146
152
18259
5068
8917
5436
11836
16839
2870
18708
2922
9340
9877
1811
16806
4962
10254
17581
19136
5951
19259
10410
9579
1821
17836
2092
11317
16589
6984
14976
2312
11993
3009
3110
13570
18379
9048
11968
8372
11550
3510
3164
6908
3432
2502
2594
2595
996
8435
7612
8534
1761
3108
4809
5125
12621
1306
13632
861
2015
10438
996
13926
9703
8426
5964
10908
2358
11798
9007
18286
2284
2687
1106
18361
3013
6367
1650
3137
18179
9263
5936
5076
27
15844
2303
3743
15647
1228
4782
3884
4078
7176
8981
5218
6653
8135
7714
12668
6052
4390
17922
1797
10281
19593
13262
6040
428
3128
1595
19225
2263
5657
19583
2930
9892
8754
5796
2000
9580
7132
9614
4538
18835
6533
8396
4180
2421
1774
19585
3095
4238
7711
10383
4590
588
1324
19816
7793
8213
11496
2581
7746
4952
7819
3971
12585
11765
14021
15728
16400
15212
1984
8888
16062
838
7671
15616
7667
16997
6264
12255
18920
10188
12475
6672
13988
9742
5023
14873
1181
2936
5545
600
11061
1757
1084
6738
8081
11782
13655
13916
5080
8214
6033
8357
4176
8670
19573
11785
12472
5253
11965
17558
13188
8437
11984
11836
4476
18086
1276
4760
11156
12428
242
253
13161
1375
6372
2214
8705
5646
5022
12478
11647
6371
12967
9388
3689
6644
12119
8351
15322
4175
13750
12317
9733
322
440
12300
4944
13614
6874
9725
16845
15786
379
18139
5207
14614
6970
4183
10065
14790
852
1072
3038
650
986
3877
7424
8640
17780
10907
14577
18393
12697
7277
3171
7371
9097
12022
9752
11964
15888
9472
12000
10601
571
12234
18294
19930
8984
347
5786
19142
9231
10729
9964
4133
1730
12104
11757
15961
11622
4275
8534
7420
3327
12636
11669
680
4573
10804
16587
3656
3064
10393
8390
194
3564
5282
5151
17890
11956
3404
18579
9893
2536
17250
930
19242
18583
13805
18313
12248
11300
14657
17120
18415
2976
5284
11411
4304
8842
5981
1377
1324
424
11104
3030
10221
228
14172
5673
16710
8872
7200
3636
2268
12344
5041
8215
1585
13905
941
10572
1333
9829
11324
12968
7883
4116
8796
2134
6332
12009
3497
8915
5246
666
4142
7561
6530
5725
7790
12460
19488
2762
5041
12470
4451
1749
1584
195
8884
9032
12159
4493
3847
8354
8316
3109
5512
3730
6204
7125
13348
8466
19600
16696
3351
996
8730
566
6232
8877
3634
6977
4198
10099
9686
14609
14193
7512
11893
12415
969
4276
27
12356
11687
17844
13818
8975
17565
3316
7228
7689
15967
13501
13611
3849
5678
4831
3548
2485
10472
8333
2271
3391
3697
6332
584
8668
2207
10681
4059
355
3625
11693
16569
9994
2477
11857
780
19167
3492
12273
13812
8681
10534
17762
7920
16669
9916
99
6732
11775
6122
12566
1805
4735
5721
13115
3869
5743
10469
432
7543
6662
13675
4010
13265
5718
5105
12082
5228
2221
12083
10048
9053
5741
17424
1721
7993
1388
3097
15400
10339
4908
9621
3710
8949
12280
18421
9385
5135
13251
4987
6837
16578
8384
13896
11237
8284
2464
19722
2799
11793
8304
12546
3995
8270
18062
2743
1210
2365
5871
5436
3846
11415
211
4834
8190
7949
10627
6526
1982
16661
2159
10264
4256
8469
4202
9176
2356
19248
2882
17745
10880
2643
288
16202
4281
13471
2852
9393
7421
9876
10686
6495
10293
2626
15724
5193
6094
4431
9847
7947
562
10183
8684
9301
7945
9127
11035
6515
19793
17703
5937
9085
5789
3019
9910
9251
16209
13352
870
6007
1370
12439
18032
9015
7501
19931
18576
9857
1798
16018
1644
2710
9917
4125
18129
9129
10215
9231
1899
560
10482
7416
6919
7687
10654
1231
1609
5541
2364
16065
3660
19712
17736
572
17277
19551
11046
2138
13910
2019
574
1710
3195
12949
4887
16368
1046
9742
11508
8072
2515
6376
14801
6075
827
455
7355
14201
6994
13799
4307
16451
19087
1669
2721
9565
4958
10605
17176
18583
10422
3367
10286
18043
15003
1216
983
18710
11540
698
390
15239
13003
8370
10404
10825
10054
11093
16972
3616
6536
4866
9804
8805
7494
7070
8956
3313
17546
11258
1115
6987
7594
6852
8622
17394
3045
4945
18231
2409
7267
10053
2487
16165
7882
13064
2852
11032
11167
1800
4873
7004
13411
9998
5600
1342
11082
11298
592
8784
377
3774
2598
4525
8455
11156
6933
2441
464
3678
2862
10944
16666
6056
11549
6587
1608
160
521
4450
8127
6041
11786
4965
7964
2562
10183
14505
11762
6539
15446
17714
4260
12528
7571
13364
1287
18988
8093
4474
9269
4607
5619
8947
6193
12059
11154
12544
15806
4242
6923
13822
4605
15776
6566
1172
4938
10807
8249
15419
6070
3470
1159
3216
1635
4009
15417
4059
3457
4327
1405
6780
16939
9806
5152
13275
11393
11606
5772
8684
13731
16472
15618
8580
594
1460
663
2367
6246
17861
16238
17901
10255
9574
13497
1472
19341
5121
2799
12151
10350
12411
460
6791
12587
16225
2923
7470
7521
12273
9701
19959
11344
1192
838
4845
12405
10350
15347
5600
967
7268
16798
2456
2420
19753
5285
13436
4154
4879
5359
7105
8133
14209
6980
19476
19724
15697
8302
8998
4457
131
12595
1626
13468
10394
14095
18191
8830
2662
20
16526
12582
11915
4321
1811
13150
11248
10244
1435
2787
19948
19407
5074
6527
4721
10811
10105
14566
7701
2399
314
17330
5284
1167
4780
10399
19880
7573
18116
7750
15412
12208
5569
11738
12339
19407
2614
2116
1491
11916
5334
10815
9104
18536
1665
6035
4674
6090
12560
7730
1062
3608
10562
12052
3566
1329
10820
14066
11400
10736
6339
12292
11343
961
4530
16252
3955
14400
10969
14239
10249
9206
8067
3751
6002
2547
4710
17946
4365
7850
11024
11463
10556
5455
17270
5318
14839
17745
9756
3565
8819
951
18500
9137
11695
1757
9975
3875
9828
619
19669
10758
17483
16378
1180
4274
17484
10214
3193
17099
1513
6481
7217
3486
7535
4285
8495
10144
4696
8743
3596
12390
10880
11172
2463
1284
7278
7133
14314
1223
2366
15594
8192
3698
7185
10288
983
15001
6963
6522
18322
9118
8944
2200
17004
10382
18230
4346
675
4795
15528
9707
1258
6744
11208
3950
13
9750
9090
10521
5794
385
19929
8596
8244
3098
1842
10384
12398
7411
5506
13735
5226
17644
14136
3351
8247
5904
9290
14398
2476
9390
2688
9685
10896
1688
11075
10188
12389
6334
12164
9641
2967
15080
4684
7872
5448
2550
7975
11473
17881
5688
11823
14789
18488
2636
6906
15334
10188
9275
2242
2177
2017
10994
11096
9245
2036
4992
1097
3160
286
853
15564
3109
7457
13429
19216
648
4884
11967
17832
16493
8494
8417
6739
4364
12148
7607
2797
4445
4066
3047
7960
7163
1339
11294
13096
15386
7280
6056
5073
6184
18322
4978
4081
12133
3961
3487
989
354
11088
6508
7692
5435
5607
1349
18725
8884
6934
8548
8618
12340
18033
15245
10498
9508
1936
17226
3367
12166
3996
6983
16148
16021
569
2861
1004
13281
7478
479
7882
12167
9749
12118
5100
19186
13658
4637
11135
980
3030
10540
9673
4963
12241
8292
3256
13876
4762
6511
2318
6232
10926
11510
7881
1176
13321
14975
19188
5713
8847
6796
1584
240
11546
3828
10560
15692
7393
5600
2199
12262
1773
16678
2529
1922
9915
11781
52
16674
11920
13189
1621
12359
4351
10539
3178
1895
4028
19807
11683
11181
9215
13695
9735
467
1079
9151
14143
1024
10163
4263
17797
545
2257
6378
7787
12649
15654
9703
4044
7752
3274
9314
18675
685
16392
2145
5357
19099
19593
19398
2799
6796
18331
10671
9318
9417
2404
4686
11651
9381
10089
16745
13155
13693
4732
4305
6239
1935
18825
5987
6040
1469
7072
4961
7681
11168
2240
4334
19850
10988
6376
6571
6416
5032
10716
3316
4966
938
11801
5049
4609
6484
3897
4638
3911
7473
8901
11442
1013
9934
4638
6192
17266
5624
9322
12055
8567
6361
7391
3978
19739
9202
10193
10470
9376
952
9499
9927
16191
7854
1166
8409
16884
17254
11389
11167
585
9399
1157
6790
964
6620
8605
15815
5520
19763
11649
15007
12524
2481
413
653
214
17125
10780
12720
4245
4979
8111
15967
10152
3661
156
18182
12530
10897
9900
6723
8579
5957
114
12900
677
10099
14844
7519
11787
2404
6203
1774
14777
7262
5715
8336
9651
9885
7330
11265
5927
10131
3056
8533
3354
19135
17882
6871
6868
11982
18142
8867
8171
8148
5542
15877
11535
1065
5013
1136
6394
3812
754
16638
16278
2105
5240
939
7468
3282
18489
368
2288
12014
6678
7424
12717
11260
11840
17764
19250
437
19595
15094
1753
413
9432
19840
10652
2808
3838
18131
86
460
13598
9127
9242
11002
2307
1237
4567
3164
16827
6773
19686
7133
16089
1304
10041
8763
4518
12166
7523
11550
13580
4533
12135
6166
10464
12462
6402
13974
11889
12671
12951
15026
11413
12320
9918
2233
12238
10246
2893
8818
7135
6313
8514
16281
9778
11542
2005
1046
5093
2164
800
3201
2487
3479
17003
7800
14006
19430
3961
8572
7270
7789
5493
14703
7568
10081
7514
3278
11729
12311
3109
12974
8126
12835
10427
1144
16536
6674
17402
324
9427
16166
19457
8630
4550
5397
16158
12219
17650
2752
8699
3202
9459
4756
13095
12891
13192
2595
8038
5905
7778
4479
9688
18407
17966
10972
5578
18771
15459
4099
5439
13948
74
597
9597
3669
2768
3686
17047
19767
141
7989
10014
9824
2706
8173
13254
1966
7796
8061
3225
10010
4923
16503
7518
8564
14281
8907
12615
3266
1483
19457
4670
6552
11809
18201
8589
6742
8749
6146
1999
9764
5214
412
1338
2991
19865
879
11114
6048
3116
15463
1612
12545
1842
14230
16367
11407
1382
5608
1450
16861
19848
4485
6829
1742
560
4200
10601
11633
9942
2210
8222
6042
10525
12686
14601
19845
11330
1810
6698
15465
10344
4571
17462
4125
9217
16213
3650
1102
10269
3596
6026
17148
11635
10854
12996
16568
7247
15677
2760
253
5793
14013
7804
13105
7650
17186
7457
5658
10564
8143
7679
19521
9057
11470
3537
5192
13568
15403
6128
10794
18630
10639
6016
4311
15458
10173
11901
12588
6711
2190
8995
11572
2664
10860
7712
12737
389
2609
14363
15528
12408
381
11072
6496
9357
10266
3859
11545
10021
11920
13744
12604
16377
3591
12356
1126
11311
8449
1614
10339
7711
2387
13426
5453
6146
10918
15331
162
4767
8434
15502
12678
10932
4501
1543
9182
2502
13078
19252
16039
5705
13053
5787
17626
7343
10095
13
5729
11185
13322
18927
3798
16767
12932
2508
18815
15975
10596
7389
15115
17958
4925
2323
2924
7122
13646
16938
8274
6435
1115
10734
5196
1893
489
16425
8701
7583
10268
9684
4383
1216
17905
11674
11451
8783
1274
2891
9476
16655
9629
15493
10774
3828
5899
10306
1906
1193
2593
18914
7286
18556
6369
8887
8126
17392
8621
242
7645
1537
18857
561
7642
12309
4173
869
10763
3655
5645
10788
12306
8531
5993
11668
19290
11232
3187
658
18927
273
13285
9542
4864
15722
13310
4487
10998
1314
7936
1165
9714
4173
3083
1403
12488
18439
6807
2408
5406
2432
596
15378
3074
7785
19297
10050
17326
10178
17710
5853
7581
10722
7603
18543
2474
1475
8268
10648
8109
18611
1627
16307
1908
11611
13724
13931
7427
2189
2118
7069
10796
18384
11463
9867
141
15371
3549
12422
7755
2899
2868
9625
9586
276
1826
4981
9482
6049
15587
672
1881
17308
5589
19356
8507
1124
5108
11129
1857
3681
6355
14970
8557
11473
16063
13192
11689
13616
12692
9913
19658
5546
8379
14206
9256
19744
12170
1103
7002
6363
10394
4663
4563
8500
19047
4416
8927
13279
2345
4476
13308
6107
10165
12184
12056
1114
6835
1089
1263
2385
2302
14067
6625
13726
1981
5861
11797
4701
10948
15735
656
4329
5833
11223
3763
818
6696
7702
19864
4260
1334
9485
3594
1265
11365
8590
871
643
8700
7789
535
10148
6195
4075
15689
2505
498
9350
13938
4867
1479
10882
2277
10243
16905
1910
16913
17040
400
5846
16989
9707
1520
12932
8196
5725
14938
22
19089
2853
10129
6021
11001
17379
8749
8474
18395
6403
6001
7929
18840
1962
3180
5131
17137
6626
11090
13389
2341
11942
888
17594
2184
10252
7602
7320
6883
11893
268
4421
11469
12758
15915
7009
2285
18692
5345
3448
12493
8322
4114
8885
6717
6314
15402
3016
7788
2685
6650
9747
8199
3370
7127
3800
1840
2144
6129
9187
317
8019
19444
9078
53
16528
16097
6008
1067
6241
7465
61
1944
1696
18478
12467
378
4092
4666
18418
10222
12620
3708
11873
5231
3318
1414
18505
3020
4925
3367
13563
11755
12654
649
1695
320
12554
4267
16771
7691
2482
6524
9792
15220
8339
9052
8491
16295
6230
4659
7329
12175
13479
2093
19151
5077
3008
11516
12324
17302
989
204
6744
19813
7423
10308
4857
19493
380
10338
4314
19556
11245
6643
698
7001
9525
6581
12500
2460
12274
3469
18924
7591
5606
10727
9461
9200
2274
12370
9059
15236
10487
17239
755
12931
4252
3708
8796
3773
10079
3933
4916
9424
1132
8038
14018
3711
11517
12592
11304
529
12071
9121
11724
7694
4961
3778
4714
8890
9556
7775
9084
6351
14723
4160
9956
7677
10911
3306
5855
5569
7337
2069
13354
12646
3813
3627
337
5213
16196
19398
17436
1982
18542
18502
19129
11612
5265
17269
5319
3562
12524
14235
18727
6384
19994
8672
3363
3211
11007
11493
10491
1799
2836
8705
2900
5469
12338
733
17887
3117
3200
10094
235
13658
445
13973
14954
2985
1389
6936
2948
759
5763
15423
893
2813
13746
9262
12327
14052
148
12294
10344
15592
8407
9658
3625
8431
18986
19377
12548
13542
18859
4096
299
4991
4078
12293
15128
4428
429
10372
15000
17851
15858
9410
6134
2095
15653
739
1161
4546
854
2436
2397
16284
874
8759
5795
15730
10182
15681
19543
13279
10652
6069
11189
8004
4344
11855
10459
10303
10633
4880
15676
2028
10768
8669
5418
9662
12074
8694
10977
19932
414
13047
4051
4955
3749
7856
2007
18623
2652
11237
7281
3634
11051
4229
10496
15616
6451
10986
19402
8409
5241
2389
4904
14147
3221
5607
6288
17154
3289
11200
15846
2505
16418
9656
9282
14429
1697
5118
5056
3727
10662
16500
746
12117
6448
3110
7077
17805
13143
7951
2526
11057
4182
74
6643
12121
14553
7033
16705
723
1803
952
6641
2691
15068
12190
18018
10970
4372
9497
11764
5784
9851
7398
10873
5218
2692
5267
8284
12673
8540
2645
8047
11232
8535
13128
3350
16452
9173
12458
12277
9961
12342
3126
12730
13504
12867
6050
6762
5354
15352
7959
2988
9363
7859
8724
5175
1167
5085
11265
5501
8150
7067
14900
6293
11967
17140
5830
3209
8541
9023
4722
5187
18972
2484
6451
1976
3322
9391
12731
5203
1797
10436
16563
12544
14392
6470
5205
6044
4406
85
5226
8607
290
683
6181
775
9732
9989
7708
3971
12380
11889
10442
6341
15300
15868
15974
740
15879
7289
19201
19604
9027
6576
3842
11047
3391
5004
8738
9056
3885
19139
358
443
7743
9956
10655
11582
7208
13762
11843
9117
9017
11394
6794
17680
11000
11750
1992
4950
4736
12279
1293
9414
9212
12949
7422
7610
7008
318
5618
19130
9229
7615
9580
18953
4515
18526
4123
6449
11587
132
7635
7855
396
11467
16425
7103
11570
8842
18352
17958
18813
387
311
3425
1799
18185
2943
17073
5715
3411
9309
16067
1806
3106
7668
9504
7207
7569
2320
761
3502
1921
16962
6193
11053
13570
9151
11848
14249
5313
2455
12683
2391
16244
13654
10845
6910
4838
4060
11075
8112
10051
13212
7314
264
4354
1879
1497
7779
6870
8151
4782
863
11411
10795
8634
884
545
3653
4036
8020
11554
9716
542
7876
9250
4194
10225
16407
2147
6285
19753
19855
11846
12359
7968
11155
2329
8556
8364
8015
16516
13383
10888
15023
337
10883
18179
19609
5534
16850
8970
8076
19108
11872
11446
11965
10181
3668
13302
13900
4344
4843
11739
7496
17940
1717
9701
12775
14686
9292
9264
17827
6899
8024
11870
3542
19891
4228
1859
5075
11987
1758
8532
8586
18977
18673
13805
12250
1814
9283
1156
9203
6814
4046
14160
179
18854
10654
10137
7932
18537
14766
14622
2487
17019
18179
2633
1259
2418
6918
12436
4956
6423
11330
5015
2692
1617
10658
12825
8915
13836
7112
9746
3877
4395
6220
10945
2407
2643
2939
16243
5642
4915
907
18894
17091
3412
2655
193
3688
12485
288
6700
7819
11203
18454
10062
15284
4170
4681
19442
4735
7935
3162
15449
12923
11385
10015
11750
15742
435
7811
9868
8361
9842
7194
2264
4863
5686
7429
7517
10852
14115
7530
12707
12055
18989
17649
8495
4688
10470
2846
3089
3384
8871
10609
3985
8619
8767
12095
17494
2638
6430
3374
507
8592
4960
3891
16179
18850
12058
108
18614
8983
5254
18781
11475
5882
5519
3371
7251
6513
16572
3578
9998
53
2780
17030
1489
3918
11445
7139
7595
913
10668
2133
5306
6745
5204
4815
3352
230
8279
1005
13444
3288
16070
6032
818
18410
9600
4477
2610
4271
12452
3316
12129
9133
7798
17168
8978
16284
12083
6148
5498
5437
726
2064
17983
7738
8358
1798
10526
2
10405
19295
14078
3489
10649
12060
9816
1344
344
16990
9571
4290
2006
7588
7169
3770
3438
12936
4044
2157
18962
3673
13150
19211
12786
2774
5442
8237
2734
15759
4638
10061
15868
16859
17469
12744
19768
17656
511
8981
8239
4103
1407
8034
19658
1635
15143
10771
19515
13413
2998
4185
18120
12282
10989
596
570
5503
9469
11112
5029
98
2192
19361
6869
9976
15449
13191
6428
7165
17277
18207
8542
8943
2878
7015
2681
12553
16267
12303
3381
2080
11497
3992
9519
15328
3488
10542
869
9732
13958
12677
4161
4535
5420
12212
14214
2094
7498
18708
316
2946
11914
14039
6811
10734
15319
6185
18873
12685
14789
14823
3764
2352
4541
7714
7038
19714
847
12594
11851
18268
10454
19290
15740
9576
585
1056
6249
3830
2439
9384
10576
9215
5792
4085
2752
6941
14947
2239
4420
17927
6220
11220
6928
12046
10314
14927
2317
3129
17297
5656
10917
12160
12612
17984
14829
6506
12448
8155
19925
199
15049
9819
14737
17133
13237
5777
8068
16660
5626
5315
7729
7728
11801
5900
2210
3377
11879
4182
2613
14044
5567
3992
16842
8551
1737
7535
3180
10167
4265
11134
9730
16154
3911
5286
853
12483
5378
10211
10304
13385
18868
2828
3897
12319
9571
9704
14785
1265
14413
18545
5708
4483
2417
4458
11473
2826
6781
18464
9234
13414
10555
10209
13225
18278
794
5567
5366
762
11838
3
5610
10551
15528
8401
7474
12717
3299
10528
7365
19495
10739
1750
5004
10023
17566
6502
6964
6464
6039
14729
8117
5424
4335
6492
16576
13092
12346
12191
9707
2089
739
11433
2140
8755
16879
9100
6934
7953
785
6092
11270
4554
3027
7583
18892
18720
17535
10468
11307
10881
10993
4803
19951
6157
8189
5383
3489
14283
1791
126
9228
9065
11462
3373
2188
10231
6304
16499
15740
13379
2789
548
8124
4563
12163
4962
12452
485
7340
8219
17260
7430
2464
10598
13239
819
12124
410
739
9939
18304
3316
13201
17841
1890
4519
5588
17147
7604
1152
8508
7900
12406
9568
9856
345
17307
5625
10221
10478
10492
10821
11728
1862
16159
11305
1477
3708
2949
5997
10942
8085
406
217
8658
15354
13933
11694
9707
11606
1155
5353
6542
2899
7389
2488
4232
7125
16341
1978
17885
180
1768
8089
13616
1562
8196
14022
12081
7136
18736
8088
14250
5608
7033
15492
11016
12091
8000
11548
6058
4576
517
12071
8906
4385
593
5700
2094
8990
16487
10942
6126
6318
7208
9038
3203
12153
4040
15892
19156
14198
16052
13523
12192
17637
6464
15
7914
9324
15763
11623
18151
19730
1361
8787
10281
5310
10604
956
4585
8269
12617
10110
12311
14708
4115
1438
11073
9820
9571
7499
9029
4311
2730
4502
18294
15395
7396
16401
13680
11878
7389
9289
10876
15140
14240
1955
10338
13248
8964
10904
1458
8921
8949
1584
7728
16415
8291
12255
18115
1754
12
5634
14716
2137
5098
5816
7462
2811
7869
6241
2098
9824
11543
11736
13888
16044
17354
17008
2669
8257
4017
2479
7231
16538
15649
11981
15889
6055
6797
12747
8287
16779
16540
4371
3153
8663
748
4851
4903
5444
6338
2873
6409
9555
13689
19822
18219
2085
11014
18354
5858
6713
8141
3515
12266
2185
19461
8589
14227
1795
12428
16760
1391
5352
4139
11220
6268
2887
18535
4350
18897
1559
3373
303
8235
1014
5018
11457
12437
5604
3181
9377
19641
15775
6670
4434
2762
5789
14779
17672
12396
12587
7542
11807
298
3400
8208
12671
4373
7361
5812
2416
8029
3819
12723
2589
19730
4930
15219
7146
15415
15043
9463
19669
10443
619
8972
5486
7991
12751
3641
10006
1206
5400
14692
9688
5416
2948
9028
6954
2773
8190
13962
6979
13954
6520
19183
7225
1429
7278
10780
1057
7399
4314
2043
3334
9679
15510
2913
15045
1993
11798
10200
2574
16456
3521
5998
10331
12993
14259
1759
5742
691
9493
99
1325
6935
3895
6263
5148
6092
10354
11148
11646
639
1728
6290
7915
17149
7192
387
16849
184
2666
13487
4106
7867
1023
6539
1793
15117
3694
9208
10756
2343
18942
12597
9639
2006
2879
14052
10111
399
7
19805
12729
1526
2765
2452
5470
10413
11495
6251
4456
8285
1188
12952
4001
4613
9993
5428
9184
1413
3084
3529
18850
7561
2226
3864
393
2806
6505
3053
11000
8791
12868
11492
19018
1220
4538
5657
14262
15415
2270
14928
12323
2318
3132
10152
1707
2560
6072
10273
12977
10112
358
2823
16929
6706
14121
12038
2956
3280
10508
8652
1216
18554
3586
12220
2281
6722
4094
376
11530
3092
4146
13803
6426
14149
4201
8762
10111
17026
8451
12713
1771
16982
1683
9005
5337
5752
1881
6517
9286
442
5025
8343
11439
7506
10360
955
9646
8102
11186
4266
724
11066
5309
14292
11941
18714
1731
100
1079
17253
14338
10117
6760
863
2091
4401
8930
1205
1853
7965
8400
14382
7359
7270
14717
1846
2175
6234
16369
12970
18893
4326
9802
10883
4727
6307
18332
1251
12995
8671
5449
4704
17262
3885
1727
9203
16551
6220
468
5184
8394
1080
15746
8259
14750
5458
6914
5535
11566
9552
7530
10309
18536
741
5702
6310
12151
3791
10423
10073
9664
10019
13038
14764
8766
1144
3048
6987
1662
12085
8295
7569
6651
3516
11060
8305
6071
10579
10102
3683
1854
9207
10800
6639
3066
10271
8798
2267
885
13649
1166
9333
17811
12871
5407
15039
11179
13055
2458
9502
19497
3430
3123
12160
5317
16962
2206
3824
7361
6881
7025
8092
19910
9221
14749
4321
12603
17324
11211
1435
7786
12353
569
13486
16211
13604
3090
7059
10380
2042
12591
13412
8223
7637
5711
3910
3874
14369
12407
1657
11829
17331
3242
10017
17854
4882
4999
3249
1668
6723
9574
7644
2189
16566
12304
60
5272
10706
64
4575
3034
16256
4829
149
11481
1434
10261
11066
5354
7186
14713
2787
12618
8706
12219
12938
4127
2744
8072
11929
4716
12637
8421
4184
2519
12521
4330
9655
5339
4776
14817
2491
9356
7883
2526
12521
14542
9199
15484
11955
18036
10893
10299
7429
4505
966
19163
1487
10720
621
14774
16400
3372
4114
2337
8262
10751
12178
5505
13176
11155
16831
4813
7935
7578
368
7784
12569
9846
2954
13531
8204
19288
1162
10164
9945
2201
3415
1025
5288
7642
2057
9579
11310
13659
3385
12114
2078
14110
18760
7276
10133
4633
2767
956
7492
19485
2890
9140
9243
9770
4067
8300
17050
4495
8768
670
2231
7587
13004
6503
2350
2916
14630
6781
1611
6002
2027
19216
1753
3371
13988
10914
10344
2084
592
4198
1665
10413
8655
6651
9033
15554
1556
2661
726
19824
4680
9071
6485
11406
14334
12195
15671
6422
17178
16037
2560
3528
13728
15155
2861
5630
3614
5821
1160
19757
15961
10627
3181
10944
9368
6803
15962
13908
4851
11232
921
14996
11129
6913
6285
2642
14116
4750
14941
521
7037
9595
5251
18230
5359
4883
2132
464
19117
3987
11309
8299
9410
6379
5922
753
7997
13141
15430
13179
12728
9299
7706
10514
1613
6634
17206
6376
6711
17025
16535
3893
41
2295
11086
14803
369
5095
6821
16536
16010
5533
14288
18295
9125
3798
15992
10293
6005
4569
10374
8876
11613
9431
8913
10434
889
17731
16199
13159
8591
8082
3518
6001
16052
17105
10072
12343
8158
11465
7032
527
8301
404
4967
1960
12632
8668
18949
2502
1657
2583
19568
3681
10040
10404
6294
4061
17752
10597
10523
2408
3876
15962
11176
1557
13431
19585
4217
17115
14701
