284
335
341
347
395
29
82
64
65
417
155
188
52
135
350
204
31
332
83
340
251
230
127
228
253
336
183
391
66
64
327
112
242
328
23
455
31
403
195
392
225
131
228
386
319
442
491
57
41
81
57
82
134
213
67
191
347
272
66
469
365
32
434
138
401
154
351
347
55
284
41
491
103
224
160
18
158
80
219
63
286
362
409
99
252
180
73
181
335
68
333
306
410
266
88
434
283
365
312
229
481
298
212
382
274
420
367
261
274
132
493
270
471
417
58
422
341
251
242
83
321
19
483
18
239
193
141
63
469
353
27
183
267
25
83
313
372
247
434
439
347
370
58
492
392
253
360
153
113
198
460
276
36
189
452
404
442
432
496
51
167
315
319
405
111
499
82
63
192
110
381
60
32
290
405
499
401
486
304
385
488
54
467
442
270
250
77
109
277
52
305
452
213
249
145
9
191
177
190
178
85
412
90
171
231
308
151
364
246
304
81
482
398
465
214
486
206
410
326
192
481
350
273
354
230
229
396
485
389
472
134
159
497
165
419
309
283
297
355
422
498
432
284
259
215
341
473
279
119
218
138
327
35
275
423
75
276
434
328
169
102
251
463
313
35
221
320
49
308
47
433
238
127
432
136
145
322
277
69
291
111
24
49
296
393
230
