881
337
281
120
152
14
43
455
181
401
385
436
385
349
156
483
54
47
244
271
373
114
278
209
54
382
92
14
150
22
110
189
288
241
211
488
260
215
354
111
27
267
321
459
120
405
404
149
114
440
208
490
314
202
34
418
80
268
373
27
192
64
238
246
127
193
478
292
311
124
350
175
323
256
142
448
71
451
263
300
354
3
116
30
201
26
163
46
368
173
130
183
471
8
217
354
194
239
438
442
17
317
414
295
265
432
13
205
24
139
100
230
250
466
258
390
236
87
288
107
177
162
346
221
411
82
74
319
341
458
116
455
297
22
18
114
445
467
236
104
273
41
103
28
102
295
90
148
361
107
158
375
93
478
210
494
376
434
390
446
84
39
399
234
317
192
383
273
242
337
351
473
287
417
477
249
301
97
271
26
193
500
500
391
131
329
273
234
242
437
260
302
494
472
148
362
484
466
281
211
434
323
492
449
315
252
477
207
137
284
326
164
360
133
131
458
326
335
60
285
92
418
64
488
273
323
354
230
378
404
266
330
155
43
234
120
43
181
144
483
453
72
446
280
3
62
114
377
112
116
190
406
488
393
3
64
176
227
178
182
126
290
449
328
367
191
315
418
172
332
33
421
489
250
295
272
164
263
334
444
11
401
487
6
233
30
292
122
390
392
215
140
262
96
219
401
156
494
143
154
342
253
21
128
40
444
134
153
168
205
421
219
140
488
444
301
338
25
200
285
125
330
194
206
364
251
219
475
167
289
258
57
437
180
35
441
264
88
158
46
279
274
330
61
476
215
221
226
61
190
278
406
483
393
278
329
418
370
210
272
208
482
173
431
317
74
251
496
211
417
232
260
272
48
63
291
353
293
108
294
96
62
363
100
394
6
31
336
454
221
438
245
144
287
32
31
49
314
398
389
491
43
155
447
133
58
140
492
432
434
104
433
420
400
74
212
448
164
454
240
177
100
431
109
429
219
110
191
483
468
23
15
70
79
91
139
321
25
366
246
269
227
66
415
449
384
352
422
259
131
178
129
304
455
36
113
184
402
155
156
370
96
155
267
277
11
177
15
272
123
364
199
208
330
328
195
76
114
384
102
333
83
40
239
489
387
117
465
317
264
280
289
10
142
177
264
300
133
145
136
397
486
238
459
25
173
86
306
435
183
410
387
271
196
239
221
133
290
91
173
364
37
300
96
374
275
222
159
152
40
466
209
354
396
217
364
16
59
471
195
139
369
491
178
33
219
180
304
148
410
157
240
220
26
432
466
412
385
205
404
203
400
476
287
5
131
241
84
141
328
51
459
8
338
166
175
171
275
166
167
118
482
300
435
107
410
59
166
350
18
362
107
454
221
180
70
424
154
69
483
183
161
259
306
374
49
332
270
97
255
169
32
139
199
323
253
372
369
198
346
358
173
178
247
229
84
249
442
461
314
13
459
20
40
498
324
473
78
132
154
315
394
330
105
247
403
10
223
223
423
336
299
310
306
225
461
443
372
292
326
410
253
170
170
423
23
37
212
356
457
495
247
421
225
420
402
257
432
2
405
155
432
57
168
363
330
321
220
178
272
48
367
269
1
383
41
183
273
79
123
249
211
400
271
407
393
184
89
159
40
419
51
98
61
418
7
77
39
109
226
33
351
461
17
319
273
352
223
26
454
229
16
119
283
379
404
52
311
229
244
220
441
467
480
34
44
375
21
61
259
474
405
4
170
72
447
280
241
258
401
266
375
294
269
410
268
249
127
302
498
100
23
379
35
337
9
77
459
14
258
361
465
395
253
178
170
428
103
116
69
101
23
9
110
214
136
273
25
342
379
388
46
8
36
90
140
338
182
393
417
130
181
270
89
361
228
273
96
138
414
231
38
432
497
21
309
62
289
374
327
40
170
205
83
66
197
11
338
496
74
47
371
412
331
252
484
382
316
292
495
318
391
41
186
283
66
395
495
150
210
315
139
14
465
475
114
285
375
48
91
387
258
195
75
222
468
87
224
54
1
170
487
446
