504
479
100
162
90
60
46
123
112
39
148
44
231
87
33
53
459
191
222
155
419
187
343
73
37
288
468
124
343
432
181
242
160
420
433
472
377
481
207
337
431
233
458
370
268
18
153
334
393
356
357
459
203
386
218
362
425
405
84
415
229
12
262
384
114
100
93
343
467
440
170
463
386
388
10
419
80
436
188
353
152
407
227
324
442
298
406
3
356
31
33
425
372
227
486
462
84
329
399
92
234
287
330
486
459
118
261
112
437
250
115
182
132
305
276
350
458
427
236
269
70
9
246
279
341
57
450
254
303
413
188
370
372
448
19
465
183
497
457
437
472
439
78
43
365
428
499
439
321
81
7
80
319
103
47
61
64
214
345
188
212
343
347
23
403
381
470
145
495
285
162
109
177
18
120
34
467
114
176
449
36
176
419
468
62
33
473
350
61
287
68
38
225
31
13
461
473
424
82
382
377
160
187
109
368
345
221
404
189
154
336
5
164
433
305
344
469
244
379
27
480
166
182
490
271
381
177
56
127
181
156
180
486
259
432
145
489
116
30
12
65
493
362
30
391
107
433
305
487
330
173
432
293
49
420
113
218
181
79
214
429
362
195
154
222
211
46
493
308
293
326
99
334
65
119
409
230
330
274
22
235
113
12
204
332
471
377
354
410
212
244
333
71
217
336
301
497
259
228
156
221
218
326
89
211
228
58
290
89
38
128
85
79
100
140
212
289
40
121
6
435
441
247
77
410
368
114
33
127
139
230
367
216
33
413
482
390
293
379
121
164
203
304
424
393
487
315
124
448
437
121
81
357
24
449
376
52
441
1
373
208
43
54
157
372
420
372
157
37
28
371
41
47
406
437
387
459
426
316
299
452
376
476
363
448
73
261
152
269
167
406
458
80
84
53
56
131
167
422
179
65
121
34
27
190
297
404
472
103
258
237
398
271
451
223
123
224
352
112
94
195
119
100
339
487
328
297
86
292
132
183
187
327
216
490
479
101
66
444
17
326
10
226
113
36
21
101
210
445
386
249
153
249
135
60
450
221
33
477
35
246
480
176
6
453
414
114
364
184
240
465
10
409
202
411
327
166
54
179
352
274
117
436
278
283
433
393
333
245
410
230
225
479
448
356
304
248
234
291
379
434
455
312
321
70
470
