462
472
164
16
280
152
462
209
22
243
297
329
272
402
465
45
173
62
181
230
151
444
37
285
417
130
62
402
402
248
85
480
44
110
348
29
268
393
364
278
40
293
181
298
418
298
223
410
111
141
332
16
78
487
225
235
94
68
227
387
402
405
16
110
255
489
471
94
89
485
53
237
46
209
17
297
450
75
436
380
274
285
305
183
342
242
219
486
31
145
169
270
341
280
118
206
312
208
84
40
482
157
59
364
487
64
350
78
209
489
33
211
79
77
141
249
458
301
115
347
26
140
304
147
182
413
428
210
135
408
253
77
435
133
238
470
176
310
164
313
51
61
194
231
145
54
356
424
459
55
297
435
210
142
487
71
442
303
342
336
275
412
213
411
293
436
40
243
128
243
223
167
151
76
31
341
260
328
478
371
160
126
277
439
448
155
320
280
152
251
116
136
184
193
211
165
112
283
272
139
259
74
463
455
433
79
212
476
309
427
475
442
198
127
158
350
243
367
377
472
433
284
366
232
19
67
241
419
302
458
102
222
422
396
64
216
410
349
497
180
416
490
59
177
188
477
174
35
260
273
176
494
151
231
32
321
67
498
465
442
26
240
290
93
100
412
182
449
341
460
310
337
336
74
418
72
371
50
380
133
69
286
11
187
229
380
450
172
321
97
96
188
262
406
223
190
214
476
217
299
306
216
95
331
493
43
448
348
198
291
423
117
174
197
387
345
405
51
12
356
136
89
251
107
238
228
79
295
351
318
277
407
402
187
228
422
480
248
56
108
209
68
117
269
246
180
16
150
131
327
238
285
72
346
324
30
270
10
464
455
464
50
445
66
277
435
105
175
20
82
360
448
193
352
24
207
89
284
355
272
484
21
472
443
322
83
420
13
155
51
276
327
244
201
51
291
362
325
53
225
310
121
183
384
257
40
410
125
176
212
334
341
287
477
453
119
14
470
351
68
45
416
305
137
15
375
362
54
373
180
190
12
409
320
92
388
294
328
93
18
450
42
94
369
148
302
479
403
442
480
441
128
339
432
400
187
466
324
425
479
347
358
27
352
