574
472
266
403
469
106
388
218
396
490
440
225
180
317
148
86
194
90
18
413
242
207
269
365
417
148
310
60
427
12
157
271
282
311
86
262
260
168
283
236
3
346
307
459
214
337
140
297
311
170
176
228
366
475
470
359
264
268
101
197
436
311
262
50
234
378
363
75
486
213
251
206
327
105
113
408
140
148
27
195
252
450
155
228
145
456
303
210
473
40
448
304
38
47
409
7
122
422
466
371
291
255
259
95
498
340
307
228
140
409
492
158
389
137
23
464
210
157
280
320
235
340
383
442
89
190
174
270
499
300
234
29
491
29
292
440
271
462
272
419
172
395
3
134
222
236
89
405
135
42
126
321
336
310
373
319
385
127
418
34
6
171
103
71
218
227
385
236
226
151
60
128
174
376
81
32
307
24
488
399
2
496
152
343
419
203
54
291
234
238
52
224
186
231
482
170
240
194
90
12
302
427
356
384
20
308
493
292
96
190
329
405
372
125
187
312
220
76
195
325
348
324
5
260
134
88
410
342
105
264
48
60
33
418
48
130
99
65
96
82
365
421
119
264
246
191
378
117
334
324
231
270
22
103
24
361
306
47
328
18
337
195
379
168
78
289
423
387
8
17
262
405
249
477
266
268
134
445
122
445
219
147
70
122
422
21
105
476
18
91
147
11
167
198
254
119
152
239
401
359
317
183
145
154
246
494
115
480
257
327
134
481
385
318
218
24
259
477
333
49
445
471
144
13
73
406
433
498
136
379
375
362
343
307
455
93
443
109
409
185
347
197
146
137
9
179
380
465
220
291
39
324
89
14
262
328
238
441
425
117
199
56
100
323
110
285
452
409
287
100
61
279
308
372
211
125
92
148
398
81
167
471
108
236
309
113
382
175
321
312
253
15
171
219
37
319
118
273
143
359
320
481
383
1
288
122
128
384
456
444
315
387
470
250
475
326
92
5
283
118
495
288
29
33
173
161
277
110
111
80
356
427
172
175
389
277
215
409
286
387
322
395
40
316
247
314
361
289
252
463
145
407
105
288
382
43
453
443
80
228
309
468
436
92
105
107
461
140
153
380
53
333
2
365
452
144
320
237
1
391
459
366
353
364
5
188
224
341
156
500
143
460
371
123
315
367
201
307
415
241
213
407
151
456
364
290
64
26
490
350
184
122
246
130
154
498
296
53
286
326
444
304
294
134
239
488
403
260
173
112
234
410
449
247
18
482
208
447
19
35
265
405
17
42
469
11
269
160
251
437
48
323
414
131
331
496
292
124
167
43
326
199
70
324
424
182
214
135
122
183
202
87
397
75
356
369
