887
345
380
1
474
96
111
46
287
95
194
104
362
141
83
172
203
269
295
388
255
305
315
159
382
7
237
285
199
184
41
296
353
114
469
356
156
399
432
10
32
291
410
471
46
227
1
302
320
327
339
476
390
492
414
364
177
370
211
16
359
44
402
14
224
395
427
15
494
28
262
78
464
276
184
229
64
220
263
142
427
408
291
376
89
253
427
352
499
282
435
234
313
333
44
82
4
110
156
306
464
355
26
361
174
313
228
457
304
41
395
460
82
423
52
228
495
96
88
123
148
111
466
447
464
381
180
199
308
428
482
414
306
452
189
175
171
144
479
323
149
238
260
191
493
262
137
189
214
85
164
274
71
469
314
178
481
417
56
234
169
225
452
38
23
447
360
237
343
215
23
245
284
415
26
439
445
20
90
271
112
180
495
141
366
176
449
3
260
225
262
294
462
353
302
163
384
328
146
430
458
488
210
188
352
304
470
209
442
72
107
197
358
165
30
155
202
296
26
51
228
217
225
315
213
140
188
324
152
406
30
38
431
129
271
406
298
265
366
172
296
235
72
279
79
147
483
452
474
369
157
197
310
165
409
170
324
158
491
341
357
159
267
14
23
52
394
202
62
446
136
437
234
34
94
346
436
400
448
301
112
143
374
405
194
165
350
202
347
186
277
51
21
117
214
478
409
107
260
165
312
427
467
243
365
271
200
45
85
251
284
441
233
110
202
389
99
173
193
316
448
250
304
378
432
406
36
217
379
159
431
166
247
40
155
266
177
191
105
273
445
155
191
208
101
237
280
178
439
4
116
191
437
313
15
493
143
276
470
187
135
280
197
362
100
317
32
83
37
14
288
245
202
393
209
375
55
470
275
322
191
104
373
68
238
118
346
120
470
341
323
245
493
18
301
228
63
77
307
205
462
204
70
461
33
374
183
418
388
228
10
188
334
436
55
194
425
83
118
268
225
35
243
146
115
433
407
221
359
270
418
277
80
433
72
438
385
96
259
176
468
138
258
393
338
163
58
414
216
402
373
264
216
156
146
119
379
489
404
152
477
434
219
378
167
349
263
243
464
384
195
425
310
342
484
104
172
239
351
7
176
213
345
416
282
358
93
487
473
198
330
81
401
471
61
257
378
112
370
265
207
227
14
342
347
418
377
310
104
206
472
189
52
126
489
389
259
390
143
278
235
12
487
121
111
371
172
61
482
322
309
139
118
167
117
38
87
191
8
14
361
41
35
41
169
499
413
59
481
360
463
421
415
127
58
167
154
220
49
107
162
323
148
286
124
341
206
26
453
230
209
237
204
473
223
114
35
162
181
425
78
236
27
280
110
446
183
400
234
496
294
110
215
398
484
213
490
13
255
485
19
41
232
86
156
392
292
93
2
424
350
467
143
42
147
349
331
119
494
51
429
236
317
490
85
113
259
177
208
39
146
496
466
377
17
417
7
283
71
61
69
33
358
486
299
466
205
63
435
1
276
137
469
336
97
32
60
239
447
485
497
403
265
342
93
234
461
139
235
454
190
307
385
17
103
29
167
252
355
483
194
423
500
457
155
52
454
491
379
255
403
497
146
144
336
403
378
316
379
443
193
109
355
482
209
112
472
233
131
272
159
147
492
499
361
364
283
268
244
488
91
155
475
54
135
164
421
68
378
303
79
342
120
8
109
210
183
262
238
17
339
489
147
455
128
475
13
493
144
388
164
310
196
101
163
119
279
490
354
284
100
83
289
95
361
307
300
248
93
423
395
281
434
193
259
242
479
416
492
496
63
16
481
450
1
38
460
405
51
241
109
240
94
323
157
283
452
486
116
251
339
223
397
50
93
335
469
13
372
291
324
114
91
44
266
263
267
351
9
139
295
131
432
23
126
133
324
233
228
349
50
312
7
69
383
60
452
422
290
402
445
78
263
66
314
492
202
310
98
434
178
370
10
231
406
86
308
328
348
361
22
132
397
190
487
347
181
401
214
56
111
484
16
2
176
161
310
203
234
50
245
392
23
197
266
204
420
120
134
