276
102
90
256
194
274
333
147
430
32
20
447
40
130
411
214
312
53
487
191
215
136
317
149
466
262
328
222
239
372
81
45
432
358
437
101
44
486
146
325
165
44
421
59
267
64
434
415
398
181
138
279
102
337
110
332
294
76
356
392
442
310
146
123
422
175
62
299
2
295
132
258
20
194
267
201
36
220
252
118
369
117
88
308
265
278
368
262
46
300
62
333
139
398
464
453
61
385
139
313
413
307
180
471
86
474
33
218
139
386
231
442
10
18
193
469
21
127
8
231
164
367
292
463
51
367
381
77
29
468
278
99
172
359
38
58
392
186
173
104
457
273
361
347
432
152
321
446
41
120
110
335
263
285
372
392
413
215
70
69
175
247
336
265
423
282
83
189
365
348
114
81
118
162
264
98
488
203
48
75
246
220
310
315
84
245
332
183
282
236
296
151
282
499
146
411
399
173
245
67
369
57
28
288
68
25
382
297
125
466
461
148
143
424
372
177
309
53
217
320
229
150
413
43
303
307
478
22
80
160
353
272
401
288
62
90
274
170
252
86
263
118
358
414
488
224
420
235
286
122
47
280
378
15
442
339
321
172
153
340
264
366
290
153
124
202
342
269
17
364
306
212
455
482
473
40
322
339
