394
306
438
451
264
354
75
278
6
500
144
74
362
152
177
231
373
100
265
24
328
36
56
356
427
76
460
159
408
500
262
29
266
33
202
367
498
201
66
272
466
189
319
89
93
239
37
5
319
126
451
402
333
417
291
69
179
75
136
222
440
424
302
431
356
348
141
128
3
167
259
376
225
328
322
99
221
370
230
277
134
280
73
257
224
146
285
478
190
148
413
342
206
433
234
33
137
331
284
223
240
76
295
125
182
401
16
258
454
339
444
385
288
491
327
178
36
398
349
492
8
403
401
82
332
92
35
157
310
151
226
37
471
153
426
30
266
177
487
76
304
410
246
371
443
398
404
310
298
482
444
227
367
1
434
401
484
328
132
68
264
260
292
44
338
326
51
81
55
207
356
123
391
210
120
257
445
498
261
459
419
105
142
43
461
386
149
281
469
274
30
273
342
392
302
349
16
118
451
44
123
60
239
93
372
339
396
37
136
34
118
490
112
179
198
275
204
53
409
96
59
193
149
26
308
70
108
76
485
293
286
56
156
391
15
312
474
30
48
184
239
302
190
127
428
17
445
237
398
246
75
351
171
286
288
286
150
363
289
49
334
211
363
337
372
104
293
390
265
414
201
146
471
383
191
186
455
331
131
484
334
66
307
71
23
152
129
221
277
361
226
380
454
438
104
280
139
156
480
372
117
60
322
348
466
141
130
379
389
267
116
12
493
92
224
478
409
327
461
278
87
240
27
309
40
435
306
251
11
287
482
322
242
471
333
456
318
258
250
242
462
340
407
60
273
456
248
317
424
480
227
79
98
387
63
168
398
336
188
363
38
288
429
201
121
248
192
79
306
437
285
135
479
67
125
346
300
112
292
496
4
214
13
254
353
46
471
381
368
441
308
436
150
3
21
327
