941
134
172
239
81
433
91
378
162
286
61
474
367
380
411
475
84
57
348
129
47
498
447
460
19
268
95
25
198
21
308
26
135
67
66
463
111
344
405
23
444
432
211
222
423
218
13
205
173
412
221
446
248
319
420
83
259
142
287
113
424
260
490
294
170
498
459
463
145
194
94
143
365
304
486
384
16
204
79
360
196
144
280
35
337
416
242
178
443
375
231
151
352
461
5
398
22
173
279
404
147
396
332
387
365
427
37
12
17
281
412
264
96
92
211
252
323
333
118
320
326
162
220
303
242
79
68
84
372
488
466
332
170
161
84
366
285
169
30
150
40
187
338
81
254
209
440
142
265
413
345
498
101
312
22
457
371
139
218
131
263
221
436
21
281
431
479
103
169
81
299
263
21
427
343
11
180
327
105
168
7
229
309
234
359
49
345
422
299
89
89
195
212
258
313
430
101
176
467
125
191
292
229
1
413
465
241
363
361
157
316
286
410
117
295
322
397
477
176
460
405
445
439
236
366
136
465
207
266
96
325
329
466
346
109
242
487
64
470
248
375
61
466
372
422
176
375
233
141
311
445
293
317
450
85
250
42
38
468
224
462
424
225
152
235
434
273
49
31
217
295
350
238
8
84
490
470
3
17
403
422
183
287
60
484
380
275
342
455
262
141
5
431
388
431
371
448
325
462
406
118
216
341
157
171
389
244
429
338
458
281
144
2
71
386
358
137
241
278
419
25
213
282
299
429
248
31
297
185
471
464
22
140
312
322
229
257
202
231
359
291
433
87
340
81
365
329
237
293
67
256
461
305
254
394
41
31
455
241
82
461
436
471
23
235
290
83
3
16
60
37
482
412
11
411
412
456
302
218
439
483
391
466
288
246
319
492
123
293
66
137
486
192
199
491
263
98
198
60
146
370
259
398
149
302
113
393
387
430
301
359
391
327
9
256
24
273
225
266
357
396
61
118
305
463
49
400
13
238
79
13
238
172
170
258
133
380
386
228
97
367
128
74
477
426
444
334
330
173
436
450
279
499
220
446
372
25
493
390
1
418
474
98
323
180
82
73
464
350
440
242
446
140
192
121
269
236
289
268
240
135
331
185
346
47
86
240
394
299
116
361
144
447
455
27
125
317
163
7
292
165
217
350
142
217
288
5
296
459
363
450
96
318
367
124
469
303
163
211
382
336
382
385
80
459
89
140
136
176
228
431
291
365
121
327
234
269
318
438
4
86
448
167
309
14
148
161
15
316
293
201
423
161
439
81
371
334
209
404
385
248
170
463
255
4
322
275
340
368
371
145
335
422
426
265
327
184
193
401
43
417
238
104
134
393
278
11
496
235
411
309
275
194
333
194
4
425
250
188
154
255
379
288
380
257
105
215
207
420
135
388
26
455
63
446
12
125
272
442
195
414
19
42
282
109
136
459
472
285
101
120
403
69
153
276
187
3
327
80
308
285
450
214
201
96
95
109
90
347
173
189
92
372
388
78
150
222
452
36
357
263
337
481
424
387
154
493
492
51
462
18
329
475
334
411
421
295
160
70
471
186
148
205
303
160
371
255
500
195
193
443
237
48
376
348
123
184
222
31
24
77
378
79
8
355
22
451
29
286
112
397
331
200
478
491
97
347
351
267
218
95
223
177
186
422
206
49
214
104
344
261
394
78
441
373
189
456
435
122
325
89
499
18
186
385
323
217
465
356
442
171
70
420
285
479
231
413
45
76
212
192
86
461
170
102
277
98
18
210
140
79
261
277
438
454
89
137
223
336
355
55
286
116
355
302
468
27
285
368
371
13
241
196
461
454
180
175
11
351
217
218
282
64
13
205
309
119
198
218
97
473
367
437
255
340
177
310
275
14
250
383
161
304
461
494
100
468
100
148
66
321
40
16
189
220
446
245
452
217
211
393
14
30
94
242
23
212
17
179
55
340
220
411
154
217
140
369
473
10
367
186
59
250
121
39
301
166
147
90
238
82
431
260
421
120
46
493
220
424
389
45
108
149
242
383
123
380
315
34
237
66
335
475
174
47
395
123
205
72
88
216
304
405
162
387
415
27
425
266
278
28
347
214
310
257
16
284
68
317
165
144
159
290
86
447
323
444
335
41
66
472
233
382
50
238
121
204
168
119
154
190
359
204
