973
356
87
308
424
69
285
285
146
40
211
61
452
383
97
88
210
467
149
86
224
3
357
299
167
490
76
463
17
310
25
216
410
95
237
62
338
458
409
36
309
419
80
95
200
107
314
58
76
19
258
224
388
372
317
13
198
225
178
223
47
408
61
249
142
225
402
169
415
170
3
222
457
228
449
368
21
294
51
302
229
349
129
354
67
444
154
102
385
85
420
399
21
459
481
483
230
275
453
117
186
84
46
104
318
150
87
248
98
119
276
168
33
340
271
33
99
454
98
204
110
187
163
309
83
375
348
295
109
172
339
334
103
328
51
267
157
234
409
78
267
231
452
25
461
465
339
62
318
226
407
385
20
46
147
54
297
387
63
117
251
280
424
491
342
351
26
153
76
231
248
412
89
408
76
135
19
442
174
215
440
297
105
234
139
115
224
174
184
207
218
277
468
60
220
202
231
384
243
67
217
257
244
45
274
138
372
354
289
351
192
13
439
327
446
235
28
245
161
186
451
404
169
427
377
247
82
126
55
176
237
173
59
401
257
248
28
228
363
400
422
171
456
416
213
454
248
232
85
189
339
116
30
25
303
311
396
138
51
58
320
294
273
459
190
114
222
3
474
270
34
348
142
354
448
396
76
373
23
394
284
134
17
433
237
207
5
68
323
500
474
344
456
322
146
42
198
53
456
300
460
177
169
330
14
485
453
365
70
93
317
246
132
168
105
349
416
101
154
396
221
1
420
34
346
165
418
127
280
237
191
305
487
341
11
374
136
48
482
247
155
377
436
447
13
316
121
51
27
375
431
350
226
210
33
389
62
207
143
285
471
427
2
228
45
472
105
99
218
461
117
441
49
302
453
440
79
233
233
437
23
54
208
381
350
399
105
414
365
454
141
139
342
210
150
186
12
104
223
219
3
314
91
289
321
466
167
101
91
12
491
414
43
374
425
463
106
435
307
87
237
361
229
245
39
415
239
307
23
249
437
36
307
327
16
374
68
17
179
94
343
412
321
98
415
426
249
498
381
194
460
97
84
1
487
447
46
464
20
231
134
6
278
252
54
155
151
292
37
118
317
478
473
94
300
312
423
282
113
448
331
113
228
144
265
433
259
216
417
24
358
235
321
492
311
121
205
391
137
42
164
21
173
371
456
117
115
126
39
335
445
131
220
135
458
368
328
298
384
350
14
85
33
177
53
338
363
28
22
489
458
442
377
227
102
284
305
14
103
350
156
28
204
460
384
33
343
421
278
222
235
39
500
379
168
54
448
32
491
414
415
112
281
210
25
19
189
52
370
412
444
238
157
53
347
244
195
318
223
127
37
149
412
33
147
3
305
373
120
275
51
149
23
86
119
311
106
270
85
373
309
375
269
52
346
191
326
77
402
134
317
358
255
341
279
474
299
488
361
388
332
354
359
394
363
103
168
454
150
331
403
33
116
172
287
497
483
238
357
452
252
258
226
390
267
313
231
332
68
34
103
326
36
342
298
401
253
328
199
321
68
374
251
449
93
166
122
57
16
237
187
453
137
206
198
46
97
359
393
165
443
242
245
87
445
94
177
354
87
56
134
305
497
124
305
361
112
194
10
121
314
124
293
256
449
321
361
324
225
95
420
162
215
380
312
350
153
482
408
189
59
19
306
42
491
321
200
370
383
223
298
355
235
244
414
397
457
187
454
463
320
153
197
103
480
383
279
273
482
467
94
274
475
314
130
376
63
220
337
202
155
158
287
404
329
100
287
272
231
484
98
178
5
486
408
360
406
355
432
450
439
489
104
33
175
9
468
395
450
433
380
374
285
34
353
352
295
409
216
332
381
366
328
431
55
26
197
165
269
301
273
491
452
75
106
481
69
70
261
163
39
53
257
66
432
323
19
63
325
206
161
195
122
114
61
120
9
60
7
110
114
160
346
478
442
269
459
300
411
368
96
184
210
491
391
282
60
434
190
305
32
311
453
300
10
182
289
426
52
124
243
111
91
4
417
437
247
400
92
189
23
169
443
10
228
443
470
118
242
138
150
161
483
61
81
446
369
458
224
434
97
307
376
212
390
111
56
402
165
115
161
11
267
445
184
97
347
122
448
65
316
412
330
353
201
380
369
491
364
461
385
274
209
480
108
49
74
118
19
118
143
78
86
224
378
68
47
180
245
60
271
405
232
363
275
148
132
438
332
453
230
379
209
251
175
300
365
117
475
139
176
73
157
471
50
