364
220
122
277
173
450
371
208
95
89
252
213
65
55
270
47
172
273
293
489
402
6
182
373
310
101
229
263
479
230
263
293
396
114
247
334
98
34
354
425
128
249
342
379
431
406
270
399
310
169
273
486
29
477
339
147
101
285
417
391
26
275
217
437
27
168
330
467
229
190
356
317
327
451
138
390
398
466
92
117
76
204
415
473
138
155
64
231
480
415
447
444
457
36
273
238
168
247
8
52
38
113
38
184
94
484
148
420
296
216
203
83
172
436
169
461
228
5
368
366
153
160
184
272
52
75
98
368
209
134
243
424
125
71
67
9
274
126
397
99
354
170
276
294
171
412
467
184
197
97
236
476
103
375
79
324
183
363
332
378
280
373
475
488
145
208
243
318
455
115
228
360
356
382
346
162
229
368
61
179
32
345
51
293
21
139
332
15
82
373
212
273
187
392
462
144
420
400
499
352
201
70
466
362
482
47
385
210
406
228
453
442
81
428
98
464
76
186
464
483
341
415
177
364
48
343
19
19
93
168
470
434
284
139
58
30
468
397
266
75
5
336
496
500
15
366
60
54
413
240
279
205
144
411
299
381
388
67
471
6
363
67
461
298
451
319
397
320
178
200
64
309
76
297
260
146
404
288
93
470
418
175
95
349
499
48
356
162
244
358
469
297
364
224
407
61
464
132
266
183
336
333
220
75
374
98
436
167
103
356
218
2
420
93
287
382
78
354
253
231
358
202
406
44
15
342
181
451
290
24
393
32
489
10
109
454
399
451
161
349
131
272
122
84
27
13
44
233
341
429
68
190
451
270
232
430
363
458
54
343
104
358
95
115
315
217
