427
121
166
8
158
391
155
302
29
230
53
475
137
373
222
39
254
456
269
446
481
190
437
161
317
380
235
479
290
191
132
499
153
184
292
165
221
296
332
128
54
218
480
71
400
392
415
423
463
312
411
392
389
295
164
466
456
188
90
129
48
78
194
217
307
311
130
57
316
479
275
83
50
148
341
234
500
204
140
2
381
288
30
55
244
175
390
325
230
314
463
300
355
445
65
207
6
194
99
490
81
418
324
259
475
428
468
250
209
174
402
15
351
121
212
4
454
391
126
468
441
362
202
418
100
91
72
499
53
347
187
61
230
25
201
260
211
323
260
225
103
333
389
484
405
98
309
203
267
206
300
336
83
221
186
41
46
246
460
298
208
63
344
30
278
111
272
397
93
112
346
396
331
381
133
100
263
24
402
136
272
213
186
114
67
63
60
315
457
310
85
321
152
192
84
445
117
120
18
460
145
324
350
324
343
419
313
67
333
486
371
451
91
243
238
192
30
307
464
249
241
352
183
490
55
329
348
18
139
469
66
444
79
342
428
463
433
447
490
260
248
393
56
388
190
261
257
439
294
229
33
443
342
107
405
206
243
427
411
17
112
437
157
356
332
299
463
290
464
436
335
373
59
436
96
279
104
398
190
235
372
122
436
90
277
211
212
345
495
381
278
338
109
473
179
414
27
378
372
249
372
454
206
500
42
323
128
316
173
454
98
400
465
294
337
240
132
202
284
259
279
480
181
201
237
496
131
308
439
280
334
268
129
42
33
483
125
47
16
15
346
362
457
498
264
103
395
74
69
85
376
44
55
491
152
453
480
23
199
476
107
24
27
439
84
103
164
136
460
455
192
288
337
25
355
301
77
463
303
328
51
466
161
272
167
466
218
36
358
5
409
24
216
146
120
214
351
477
329
21
156
340
11
370
472
480
259
324
241
302
481
365
151
384
422
454
184
278
404
481
195
330
401
377
411
3
52
369
156
