504
50
266
346
246
493
25
461
374
470
330
450
276
493
252
292
291
429
236
272
481
277
474
111
345
308
9
91
315
252
269
361
24
428
377
433
195
335
412
468
42
205
484
495
166
445
85
304
21
484
175
353
35
66
147
156
158
430
209
433
300
354
455
370
414
249
357
255
334
382
337
134
223
117
221
481
492
104
94
86
362
201
142
199
29
21
245
477
128
440
226
81
253
489
500
125
483
341
227
482
50
115
490
47
376
288
282
325
277
183
441
484
464
33
372
84
237
89
443
488
174
199
161
15
268
146
7
113
494
279
198
336
268
413
140
75
149
393
367
107
189
257
171
91
437
251
127
485
38
155
370
10
172
119
117
111
283
255
462
30
399
495
283
439
54
396
202
330
146
117
439
231
397
107
171
440
76
375
168
131
116
199
266
376
222
163
420
302
233
411
226
12
374
402
258
465
209
245
241
363
160
166
227
425
407
144
282
73
134
246
251
180
459
207
483
124
309
347
199
146
198
147
278
206
15
499
394
487
410
148
433
472
169
332
258
81
337
216
188
475
85
488
163
81
127
497
20
307
408
436
309
63
295
127
276
470
106
35
193
169
404
388
102
159
379
422
486
379
70
108
185
142
290
7
421
178
57
89
26
417
182
13
407
67
210
449
189
170
120
77
452
231
475
185
183
406
181
260
197
163
98
200
484
10
102
498
305
407
415
170
261
190
253
447
341
29
473
79
436
384
20
209
470
289
248
428
29
471
119
491
140
65
450
343
178
27
292
470
394
28
15
97
364
70
393
389
27
377
379
221
50
126
422
68
37
51
417
440
68
288
497
311
94
112
260
57
470
349
356
418
193
197
436
356
124
13
96
43
108
434
100
442
407
426
166
306
478
353
252
177
447
263
272
394
68
426
202
459
213
376
443
187
310
394
135
374
209
414
316
362
493
154
381
246
335
286
245
161
77
319
92
496
123
49
87
6
138
450
55
172
407
447
191
375
45
191
66
9
166
183
460
154
86
8
232
38
237
455
409
392
453
469
81
225
200
275
346
463
303
23
367
417
396
416
394
362
229
288
331
485
424
399
320
206
322
399
275
122
434
353
28
500
151
182
435
55
429
311
301
60
132
78
295
81
439
342
335
347
459
208
29
498
23
189
180
358
