338
93
311
410
205
89
304
384
81
9
304
445
485
176
230
55
446
310
337
12
449
7
474
375
6
498
417
41
231
299
59
466
31
22
114
259
55
431
222
30
92
471
178
143
86
419
225
350
136
183
358
257
124
101
263
132
163
422
329
475
496
154
360
45
265
83
84
266
161
47
431
415
300
14
98
322
109
175
22
256
320
334
402
253
276
345
174
86
91
258
490
289
284
492
209
496
437
495
497
181
360
170
98
40
191
106
343
82
460
174
194
150
423
288
27
224
417
316
35
490
496
432
381
336
255
239
459
255
463
86
30
398
37
450
480
140
79
56
129
366
481
106
371
332
191
338
294
273
499
240
459
323
332
368
381
188
473
346
281
58
424
220
62
229
478
265
44
209
366
475
305
72
297
78
465
169
233
455
133
117
450
107
109
366
452
96
343
260
318
381
328
368
186
333
70
100
20
410
78
8
354
279
386
134
473
423
207
490
481
75
103
120
173
324
130
359
69
454
214
350
341
405
107
182
50
470
269
45
404
369
459
61
165
224
93
440
315
159
77
191
263
10
5
25
86
452
289
73
485
116
414
132
72
396
107
456
336
174
471
249
148
119
7
387
16
138
473
259
108
496
108
360
463
144
3
458
276
77
67
313
329
296
496
430
282
60
171
481
259
133
193
43
249
286
397
3
483
154
351
203
344
365
383
152
129
398
427
456
110
173
299
75
125
313
179
181
218
252
123
474
165
303
351
104
375
456
89
225
2
242
110
32
27
350
270
416
96
299
279
370
