784
61
89
17
444
363
282
149
485
418
276
71
244
458
324
131
44
30
119
181
337
177
182
391
192
257
340
277
97
34
89
485
392
11
27
303
159
378
96
283
272
296
189
56
214
263
49
484
220
28
110
85
336
75
344
47
426
383
86
408
247
281
48
207
414
227
286
411
213
93
399
251
35
243
62
418
226
190
228
341
37
124
386
356
68
66
145
137
259
352
203
167
140
322
89
157
152
433
209
18
99
221
197
404
249
408
477
57
428
52
201
414
147
241
310
426
483
137
458
308
435
168
215
59
34
94
32
227
180
484
289
9
426
257
299
260
122
382
435
313
193
480
268
275
43
472
236
166
455
24
223
70
467
200
329
296
415
120
460
437
141
441
362
10
97
250
8
85
274
382
48
269
347
86
492
392
55
76
286
194
79
320
339
57
241
323
62
371
454
173
454
131
20
263
215
126
168
299
89
313
325
334
75
23
372
71
238
288
53
446
305
333
371
364
275
231
183
474
382
410
475
308
90
48
371
310
445
437
347
484
142
234
271
294
389
342
7
151
97
349
244
409
248
186
304
49
191
410
56
96
368
126
294
438
475
254
20
111
332
499
371
242
459
465
377
253
242
5
377
92
158
86
408
230
416
31
304
282
46
275
429
230
445
99
415
454
214
403
201
397
267
344
359
257
131
483
14
103
301
1
96
449
273
66
398
304
293
386
221
60
29
366
172
119
221
456
31
32
175
13
152
265
24
248
154
263
479
86
358
173
79
63
434
55
326
22
368
195
206
480
126
358
360
48
35
407
415
303
20
169
453
226
181
246
20
427
22
51
86
239
425
422
4
361
150
32
428
207
48
404
401
322
11
8
22
43
301
139
128
183
220
144
213
244
202
272
290
340
451
422
338
462
268
479
115
116
388
52
224
71
5
330
463
358
324
55
496
436
290
27
340
384
154
254
311
393
437
444
12
193
115
234
309
367
9
175
334
185
52
338
86
51
379
6
399
245
470
399
490
403
466
486
447
169
303
382
403
362
408
66
247
129
380
127
375
462
150
206
494
470
466
362
185
320
347
203
91
383
272
186
12
480
61
296
420
280
333
125
408
431
481
37
203
71
296
292
410
311
458
205
10
84
143
185
154
264
191
290
304
184
277
119
333
331
148
174
416
200
370
434
207
472
91
229
431
349
373
437
48
374
273
472
208
347
282
347
193
240
233
70
146
464
224
215
418
139
334
3
434
352
457
46
479
449
479
379
132
337
75
323
421
398
8
474
333
55
38
242
425
124
132
15
176
355
266
208
334
290
371
335
391
173
94
444
401
222
455
194
189
353
284
494
159
65
449
347
436
248
294
16
311
188
388
266
31
125
16
454
74
455
11
87
83
308
5
164
145
207
173
247
28
187
341
312
456
342
118
92
23
209
311
97
271
27
37
362
495
322
79
288
430
165
346
415
382
375
66
331
183
448
320
45
291
376
311
123
433
324
410
180
440
396
114
464
24
367
188
12
267
469
174
98
190
82
77
106
379
471
378
280
178
81
192
264
430
396
141
359
277
469
25
483
415
44
112
150
252
23
55
359
124
300
281
361
405
188
402
80
243
436
460
204
363
101
157
481
351
4
39
235
173
55
3
274
362
328
204
469
164
403
124
412
26
22
300
264
124
329
399
462
290
319
324
42
430
330
84
439
300
126
134
216
301
224
153
493
231
170
478
256
7
6
486
418
276
86
319
84
427
207
179
275
215
410
366
286
370
215
19
51
138
471
204
121
337
242
426
247
462
232
442
393
215
230
38
454
