937
108
305
243
215
48
48
318
267
321
272
449
174
415
199
360
52
475
437
245
357
371
67
154
431
495
26
290
221
429
440
271
380
282
90
214
417
404
327
321
81
227
103
153
487
293
251
100
179
303
367
356
48
442
286
26
492
157
30
445
291
92
495
166
40
438
292
484
275
267
239
251
67
269
469
282
276
86
354
472
407
78
471
148
81
126
373
268
89
220
241
355
377
414
244
37
167
277
8
311
159
294
324
199
241
287
71
334
464
499
440
141
98
391
361
288
474
319
426
229
198
300
456
42
437
451
292
422
464
15
329
346
44
83
37
467
75
442
105
359
47
207
320
283
264
119
376
143
393
50
490
429
19
296
270
391
41
464
427
99
324
418
344
332
175
362
447
365
462
409
494
306
361
19
223
282
443
385
353
335
465
14
424
436
441
196
473
111
24
309
48
290
93
41
173
375
438
294
38
147
52
380
232
447
47
178
221
230
329
169
428
182
498
344
34
222
75
433
186
36
330
80
400
493
77
217
200
401
223
443
370
307
151
136
232
147
84
292
301
231
264
432
196
26
32
303
473
306
417
62
228
363
207
240
447
149
499
68
500
467
24
42
454
354
482
473
17
128
219
442
296
60
122
453
322
333
215
324
272
150
455
156
213
344
207
182
192
175
39
266
254
222
143
258
379
201
494
202
261
243
114
107
454
43
426
65
162
200
36
42
112
421
366
302
218
359
491
204
92
229
333
266
334
172
220
392
148
38
125
455
245
168
393
400
134
443
389
79
372
47
18
189
321
30
12
140
387
416
22
270
179
448
437
76
375
150
197
411
146
266
165
149
172
171
90
137
114
231
445
164
335
387
25
238
339
403
447
95
91
79
68
279
437
408
364
221
314
384
323
488
101
29
429
251
83
148
243
32
11
393
184
3
4
126
225
256
217
135
446
179
199
308
237
263
157
233
348
276
279
158
455
390
193
179
117
210
478
86
262
471
96
351
185
28
254
461
126
284
424
65
437
347
343
350
441
191
48
183
47
102
465
384
252
357
409
276
189
97
353
335
329
470
15
311
448
296
30
252
41
225
40
278
340
179
186
119
433
431
233
334
37
110
297
66
178
30
422
160
490
196
235
66
499
248
65
379
161
75
4
415
352
188
60
67
228
4
122
118
268
17
414
166
384
229
463
336
306
449
16
342
354
148
185
78
97
425
386
212
4
452
380
493
285
412
93
466
164
469
72
174
342
155
204
438
77
206
146
382
474
320
122
116
271
73
223
497
53
22
301
407
274
67
357
392
367
305
91
452
364
203
191
209
355
449
102
120
61
37
64
20
400
22
53
445
220
409
400
109
105
31
247
266
294
77
364
71
430
248
225
281
268
189
429
305
79
206
214
119
467
39
426
425
67
96
233
305
333
151
33
224
60
2
272
374
272
421
165
118
415
181
208
149
468
159
199
104
91
99
65
122
115
80
175
367
335
488
233
379
467
36
166
44
30
266
339
255
408
91
447
248
297
50
436
228
84
398
444
336
73
3
23
295
49
274
85
436
332
346
7
365
164
127
374
366
3
476
257
141
286
132
431
3
391
438
452
166
85
473
374
94
247
426
139
472
466
60
89
122
294
413
152
129
390
265
498
115
468
262
18
44
19
372
137
13
319
286
378
391
466
5
458
366
440
45
42
2
285
387
223
3
494
405
115
284
368
348
374
269
19
116
189
184
334
154
45
271
309
48
283
467
107
397
131
429
16
239
276
246
381
261
446
485
311
171
22
223
438
20
101
205
58
1
255
452
451
142
398
398
355
272
50
6
112
338
159
185
412
253
265
466
52
238
287
98
161
262
346
240
200
244
8
87
92
477
348
58
278
249
472
68
331
173
9
60
42
31
235
399
135
266
312
207
50
389
269
199
68
327
206
144
407
36
491
11
166
345
211
113
411
206
41
354
107
171
69
424
143
269
119
427
300
126
102
221
313
106
414
308
92
253
372
451
34
161
138
129
126
500
201
240
402
298
103
152
433
319
322
104
317
359
66
484
293
82
466
468
239
262
236
465
366
293
186
189
476
202
104
185
198
43
322
41
224
324
227
451
128
337
203
114
223
393
61
380
106
318
81
188
178
85
16
107
360
366
444
326
88
296
6
