553
189
45
369
29
11
331
212
8
410
334
292
171
461
446
163
133
72
207
160
189
164
486
394
287
71
317
288
56
276
335
295
441
220
367
391
105
68
413
163
15
306
231
199
431
238
162
134
72
433
424
227
341
168
97
201
268
193
265
55
142
386
372
62
193
46
311
81
328
28
209
65
23
336
477
4
434
372
470
171
206
406
169
83
347
442
199
281
221
229
318
337
161
21
424
127
468
400
213
344
324
131
86
287
477
467
419
340
78
277
110
78
304
270
448
235
376
350
442
376
476
113
147
21
396
372
133
90
70
145
255
488
71
132
213
21
159
103
90
351
338
424
85
483
168
242
150
401
15
346
475
359
4
184
341
437
123
415
365
107
107
313
263
137
303
411
486
319
391
281
365
389
486
26
164
373
212
473
6
271
344
395
478
498
278
211
368
227
270
143
20
497
223
141
446
87
410
25
100
361
332
241
270
50
178
389
342
330
347
480
201
283
363
251
358
117
376
369
308
440
257
368
460
370
207
496
160
110
3
421
481
383
482
354
207
138
26
297
148
61
397
214
263
311
28
449
324
132
184
495
120
137
425
184
379
497
78
147
104
490
383
259
314
249
109
428
228
433
367
389
142
329
187
331
368
244
483
346
43
318
157
367
181
84
300
437
434
437
232
65
163
182
36
20
286
183
90
172
499
190
456
53
76
64
379
84
35
447
61
45
485
349
323
125
479
26
368
327
8
416
137
123
296
424
408
4
343
465
139
461
330
411
237
462
269
212
211
428
469
222
49
239
76
184
50
112
381
451
68
301
322
212
297
92
149
159
130
490
466
306
242
72
145
71
110
339
38
423
258
220
486
118
191
99
312
179
475
72
136
55
29
92
288
235
56
144
244
306
22
346
362
440
490
216
286
353
199
229
427
95
400
251
281
195
151
386
419
281
108
418
372
278
297
483
350
447
99
424
181
227
128
421
4
225
280
273
203
151
13
387
11
61
321
446
431
185
317
375
347
264
267
497
133
268
146
310
215
245
377
439
14
328
145
186
128
419
78
24
461
403
51
194
131
210
46
432
392
332
230
126
348
26
71
254
74
417
35
426
88
45
486
366
369
191
259
94
234
296
426
149
307
222
269
9
355
56
401
201
35
356
420
20
172
61
480
140
196
325
380
234
436
428
22
316
59
138
80
380
317
334
434
263
66
429
7
280
51
440
324
182
309
184
109
452
61
487
259
436
450
104
285
423
493
28
190
302
7
238
135
101
138
259
56
150
246
