376
354
80
428
473
339
485
397
428
440
281
404
452
289
138
247
17
491
411
256
250
87
27
394
346
18
68
348
254
178
199
396
254
394
48
465
425
467
345
152
206
225
196
100
244
420
451
150
348
478
127
414
68
401
95
223
344
153
241
260
260
387
319
23
204
66
437
379
203
498
467
441
234
253
48
340
85
324
216
455
131
97
214
311
289
307
173
365
12
312
316
201
74
138
413
177
122
334
156
348
384
372
340
182
64
356
315
159
67
178
275
116
186
125
484
381
25
60
423
344
14
252
248
386
478
74
106
298
57
483
420
334
385
466
100
5
8
416
467
151
86
398
310
291
58
85
283
457
228
353
455
160
6
215
258
354
19
43
409
302
48
81
435
234
193
288
298
48
31
372
473
34
342
227
458
386
245
358
181
392
155
45
457
57
261
65
366
239
317
25
208
313
286
15
406
232
136
280
63
393
15
173
333
158
144
381
126
279
169
35
246
236
400
397
303
487
78
376
52
299
332
170
76
467
421
153
301
105
42
289
207
362
374
325
310
157
103
209
211
59
474
296
116
62
133
371
439
378
373
47
291
119
328
291
428
72
325
451
315
291
384
324
117
24
367
384
397
332
403
227
185
59
222
106
349
338
93
262
498
169
358
292
396
412
410
142
25
447
288
383
481
19
436
335
367
155
247
421
350
40
300
153
400
317
434
212
342
356
288
136
223
242
325
75
102
212
484
339
347
158
292
238
487
181
12
134
138
240
488
60
224
31
86
73
123
118
87
415
182
304
139
121
239
452
362
412
178
452
264
200
182
172
271
290
124
456
31
4
265
273
220
210
268
114
430
239
235
222
308
262
26
158
64
86
318
398
174
104
