940
482
258
338
429
106
185
137
166
490
314
39
466
25
381
483
431
114
246
120
321
179
293
210
440
121
390
404
347
263
305
40
446
374
58
109
345
423
6
425
284
19
338
158
258
123
124
34
397
422
8
374
22
351
396
140
148
436
442
205
375
180
238
180
190
345
303
275
214
156
459
291
240
235
252
302
244
137
310
105
408
292
294
487
183
448
132
96
471
99
181
398
145
300
89
484
170
384
336
281
454
286
87
122
244
327
178
103
304
144
472
212
384
380
4
87
221
457
443
261
82
346
130
24
453
325
214
76
496
81
150
241
247
308
162
364
39
346
78
437
347
242
217
427
86
8
188
82
275
186
233
377
63
116
231
27
16
246
392
12
311
264
349
320
192
271
490
319
477
281
64
387
396
311
107
181
308
207
272
319
441
388
172
346
268
445
34
363
237
136
240
99
100
124
184
354
113
6
369
457
179
55
166
15
235
50
471
36
456
134
65
392
235
206
190
130
120
342
239
465
476
18
334
347
381
289
288
423
254
361
364
264
103
224
218
123
300
443
168
375
201
351
22
136
361
265
215
279
151
214
160
239
281
69
13
51
52
56
173
83
280
273
302
358
87
281
276
457
251
223
287
173
359
122
480
326
16
240
477
10
393
102
487
70
388
147
382
402
275
352
230
98
381
157
241
249
198
118
206
39
436
441
180
36
15
74
387
483
47
92
162
292
23
249
328
49
258
464
77
382
56
310
500
12
99
286
499
470
380
293
322
335
392
470
499
158
323
75
338
372
258
332
222
59
483
299
173
50
38
14
193
401
239
193
367
41
233
143
464
485
381
37
248
283
110
161
319
97
13
322
310
463
177
24
143
500
95
65
84
348
28
312
127
160
202
434
399
145
3
337
449
46
21
475
62
300
2
186
53
499
420
214
159
437
216
213
135
199
178
258
310
499
288
420
3
488
435
436
239
28
86
187
66
301
193
441
414
315
472
270
341
337
148
88
389
487
280
67
211
368
160
259
246
266
262
454
477
303
192
163
252
333
344
102
191
490
360
363
141
194
308
385
86
247
142
411
383
11
227
196
342
7
310
384
365
391
154
278
432
154
107
88
73
486
99
5
195
177
58
408
190
282
59
322
421
421
452
320
370
154
71
338
301
12
430
347
55
321
53
77
53
145
348
46
60
313
90
372
215
54
127
108
354
167
424
157
10
411
364
386
262
500
315
245
320
139
166
498
352
283
270
87
483
276
421
310
179
424
281
464
115
405
479
164
109
413
291
251
48
129
341
45
82
145
348
148
431
199
197
157
403
178
73
59
400
371
139
283
242
169
57
324
291
141
135
212
311
291
308
15
460
79
311
474
235
392
316
404
161
134
347
275
237
419
150
29
9
114
387
74
479
305
24
49
438
232
150
286
427
87
471
145
166
125
114
177
273
291
289
116
35
11
173
472
261
124
146
86
481
49
120
422
496
369
480
250
176
273
384
92
306
24
305
86
386
455
91
396
91
97
253
404
109
453
105
269
301
122
159
101
14
311
134
271
49
139
372
360
427
219
305
234
444
302
253
406
31
421
457
242
2
42
190
477
398
446
381
122
254
21
479
267
341
362
261
430
240
300
176
326
409
83
453
251
484
364
178
384
350
162
195
24
466
101
232
326
255
100
76
153
207
370
81
255
386
93
442
411
83
352
216
149
499
310
136
84
147
168
170
120
50
448
167
420
18
460
233
424
456
352
302
121
354
191
397
58
408
147
383
124
207
431
113
343
444
362
307
340
337
304
237
499
372
138
233
310
147
45
239
98
344
267
11
483
272
485
280
487
360
334
438
384
155
489
333
247
150
100
185
63
337
414
377
456
16
219
395
241
417
262
480
425
492
231
228
333
185
495
72
334
494
52
458
436
48
114
374
211
355
209
62
162
44
112
244
444
250
5
427
125
307
453
146
300
236
261
279
431
429
175
271
212
290
63
403
430
190
442
115
407
27
35
70
480
234
456
445
234
301
166
207
115
179
243
112
135
407
197
102
472
487
220
96
16
27
181
38
450
496
317
429
488
363
447
414
66
98
244
44
346
198
235
153
190
234
197
443
395
138
7
400
52
223
302
187
195
214
387
465
443
32
290
338
461
359
209
100
331
173
253
25
389
