502
309
132
353
90
178
45
1
486
362
100
219
465
248
429
416
357
157
239
283
166
344
112
450
325
296
403
304
44
110
39
149
242
91
126
488
91
173
137
248
224
106
477
161
196
174
465
29
54
256
379
497
315
94
253
77
31
161
109
160
499
11
315
330
453
87
230
139
98
121
133
450
385
378
21
41
140
38
380
67
66
437
296
92
339
269
47
189
31
393
438
74
282
473
307
212
357
263
455
407
16
485
110
484
87
200
94
47
5
185
234
283
295
51
239
491
94
328
113
451
46
52
335
479
475
418
464
295
32
429
17
235
190
489
463
150
347
402
489
285
279
378
370
156
499
326
123
231
216
151
355
102
118
2
375
151
400
220
60
76
383
427
265
252
242
473
104
83
273
383
100
469
121
69
220
431
496
259
497
459
12
110
193
372
420
179
71
13
126
141
115
47
443
443
482
198
237
269
498
344
297
383
58
500
205
166
197
152
264
220
76
472
72
229
369
222
448
128
138
102
393
237
236
500
102
233
353
157
484
398
392
61
15
214
360
85
410
33
32
322
340
83
48
482
423
293
136
144
290
428
388
138
257
410
279
186
309
355
229
396
265
334
51
126
43
492
169
349
127
419
241
479
120
363
198
45
104
433
72
393
430
463
338
149
142
326
421
158
408
479
131
64
305
475
326
122
429
406
86
332
190
366
393
384
128
112
245
364
329
77
269
490
176
225
404
114
56
299
85
428
335
307
478
152
376
172
318
470
9
215
110
418
405
268
304
336
212
187
346
256
88
37
101
183
195
278
169
358
143
407
16
75
350
349
126
70
422
1
446
49
246
251
178
102
326
276
145
393
80
50
20
453
315
313
231
483
481
455
385
352
327
74
9
372
377
488
64
104
362
423
147
5
466
418
321
333
479
194
32
112
32
435
260
30
184
166
404
168
421
463
473
450
8
250
109
391
92
145
251
422
362
388
408
12
84
192
347
402
369
319
242
313
228
449
457
248
348
470
351
311
458
46
484
114
258
308
447
468
139
42
244
306
329
306
233
206
375
354
357
447
209
365
458
79
456
236
367
211
203
95
117
415
434
56
442
224
464
41
135
398
414
13
302
450
379
468
179
24
441
290
459
54
453
238
25
455
291
48
219
402
318
364
36
46
