660
456
296
109
342
420
210
44
111
165
421
73
224
177
342
252
32
325
99
152
455
381
265
299
408
441
497
238
12
494
113
455
320
299
370
110
388
249
331
31
101
448
262
434
396
82
377
17
71
190
33
418
464
198
186
423
77
441
131
225
482
370
370
300
101
156
158
177
474
323
497
279
202
176
457
94
413
231
399
200
40
385
209
216
312
319
188
236
120
70
136
88
5
133
211
56
363
220
372
410
115
378
341
327
458
156
240
410
148
299
469
82
401
411
232
165
465
134
371
298
267
167
258
11
482
460
48
211
442
138
473
208
456
490
394
328
85
456
399
234
261
303
314
55
131
27
489
143
209
137
200
352
220
456
61
477
101
134
424
96
149
246
9
201
198
307
89
81
43
28
239
377
40
61
63
195
379
413
116
27
193
130
342
255
464
386
124
200
482
47
319
459
274
32
42
242
167
50
293
499
35
48
115
488
97
199
47
421
303
437
106
457
426
253
330
10
155
127
79
189
265
323
346
162
80
280
155
258
284
278
6
142
207
381
399
407
172
447
463
34
40
155
431
336
6
180
435
466
461
237
307
419
22
267
88
211
74
354
13
399
365
51
201
218
214
346
52
5
365
307
442
481
434
116
149
297
126
464
258
155
490
31
43
160
113
145
494
263
438
415
266
46
478
73
177
46
419
183
282
419
100
423
284
359
73
251
303
40
374
158
138
221
130
209
272
145
294
371
447
49
398
238
150
146
159
352
475
95
432
356
116
49
161
169
190
340
253
252
18
456
358
457
279
187
441
463
493
173
376
392
464
487
356
91
416
109
464
201
266
177
299
17
62
22
191
335
63
48
14
195
209
6
118
289
54
422
495
173
62
238
337
496
32
370
222
430
368
373
77
234
159
19
81
7
485
499
428
439
404
450
372
380
69
342
18
263
271
14
72
372
48
398
172
275
271
109
385
132
95
142
42
445
125
498
46
120
264
136
467
147
452
395
318
296
44
184
246
449
136
126
428
351
142
173
76
394
434
490
406
63
468
81
227
325
340
102
475
306
63
353
263
158
276
378
322
153
202
211
385
65
296
35
62
54
249
385
499
88
244
218
391
477
144
190
396
10
417
430
50
40
331
101
329
477
451
277
59
317
54
404
345
94
256
201
184
381
93
312
51
165
58
341
389
385
62
393
136
173
332
499
4
415
68
293
342
214
149
346
180
375
236
238
393
396
498
463
245
188
448
34
205
273
399
322
192
219
251
181
361
21
228
205
277
13
57
372
300
287
479
221
119
104
365
150
120
99
134
238
172
252
376
129
222
328
460
470
32
64
218
44
145
369
221
55
249
340
98
279
28
415
217
188
478
466
108
180
284
439
443
126
334
72
453
167
24
390
100
9
153
262
291
195
122
375
255
474
312
355
80
254
15
390
305
373
338
115
454
24
427
457
373
339
380
68
306
485
92
20
79
42
275
79
83
153
282
231
16
462
334
474
406
497
267
380
90
89
60
194
138
445
490
496
