556
265
62
333
392
210
337
433
383
238
455
272
405
36
441
433
115
194
313
332
370
138
379
343
361
176
79
434
29
323
453
13
110
168
105
226
37
321
484
449
387
286
434
276
236
409
50
99
24
287
440
305
323
45
183
80
128
149
57
61
282
105
29
7
225
382
354
180
206
329
474
298
6
306
305
283
73
20
104
4
10
427
85
71
459
213
300
190
445
38
231
459
305
75
81
148
176
206
53
92
404
346
40
48
432
322
177
143
400
226
496
187
490
257
421
7
195
442
130
29
261
256
218
145
414
320
53
380
289
432
35
318
421
361
16
342
100
475
101
198
133
116
257
105
390
181
135
485
272
372
242
333
500
473
113
363
285
36
91
331
291
40
147
14
446
433
438
241
192
395
486
92
476
189
384
290
311
256
467
176
288
447
371
253
330
15
333
317
490
456
246
276
457
199
22
331
259
122
472
220
94
368
23
163
29
213
475
190
365
492
478
481
472
416
385
18
127
429
345
278
121
150
463
336
237
263
111
454
232
132
225
65
172
437
188
313
484
296
97
400
408
127
475
296
108
133
357
40
243
183
134
15
433
264
396
278
321
46
346
258
365
203
466
10
32
30
474
174
357
82
219
361
200
48
87
48
108
260
259
342
274
201
235
23
276
477
329
19
147
47
16
188
214
184
370
367
224
299
424
144
59
360
441
160
317
367
189
430
476
28
230
329
256
364
433
99
321
113
213
319
357
490
425
416
231
421
6
402
306
353
403
381
328
148
65
303
7
384
246
130
76
474
42
285
237
470
135
267
135
229
437
354
72
252
123
414
192
140
152
185
47
451
254
42
490
112
30
368
261
320
237
331
363
204
172
373
241
45
193
315
76
255
251
179
388
164
253
345
1
368
484
204
228
345
178
46
3
184
473
351
281
386
426
482
155
436
495
174
499
32
316
294
394
429
114
463
146
281
236
442
386
206
309
365
31
207
354
310
413
402
168
129
278
214
362
295
127
421
56
344
221
99
459
253
471
58
147
290
392
313
14
165
166
324
139
146
457
165
282
282
362
111
287
458
135
124
144
14
279
483
298
490
357
335
167
272
205
290
377
87
151
459
79
469
327
468
119
176
142
303
15
406
348
460
473
242
286
160
425
74
470
18
101
297
69
282
463
426
430
41
493
199
191
340
474
343
371
453
96
498
270
358
85
389
464
436
466
229
65
250
372
248
458
262
246
97
259
174
459
20
300
372
89
82
488
262
260
271
200
399
51
1
233
57
146
168
163
99
