634
408
262
287
14
421
406
77
423
172
357
10
127
495
270
145
106
396
139
35
431
67
99
140
264
227
188
264
56
186
273
290
90
420
421
258
90
97
236
152
60
15
98
313
440
374
463
147
368
299
213
207
404
179
104
25
242
255
315
45
97
164
180
361
456
68
348
92
223
79
381
286
113
375
364
220
500
18
265
252
308
157
478
213
82
221
435
80
216
493
427
24
30
10
7
295
491
218
295
296
69
363
332
285
238
136
448
288
263
153
344
373
249
142
39
466
226
265
476
361
218
440
445
311
29
413
199
137
49
80
412
188
492
366
206
186
147
218
273
417
392
233
187
418
341
463
400
25
70
340
468
456
176
436
296
399
247
52
251
159
109
129
21
266
368
190
62
324
448
346
396
154
261
396
334
291
127
434
196
64
95
428
166
144
342
393
5
392
45
62
480
165
242
449
146
374
280
165
316
32
73
351
76
196
21
472
74
427
206
409
267
133
25
399
75
310
95
27
262
274
61
198
181
454
114
464
138
42
58
38
401
138
45
368
242
83
459
477
14
259
40
43
86
164
24
148
54
262
141
394
198
444
72
237
6
91
479
367
126
372
236
281
33
233
286
340
221
270
181
149
47
215
215
136
328
239
1
455
212
339
43
87
375
414
438
380
88
135
490
457
297
152
328
18
246
443
2
312
242
326
229
150
348
486
412
488
34
48
69
92
208
414
224
73
453
310
155
248
146
179
124
337
79
284
88
133
59
350
67
101
468
235
125
94
378
297
403
8
179
467
127
216
218
87
202
88
333
170
499
184
149
43
179
453
265
10
482
127
73
70
407
400
231
325
95
19
148
100
53
138
443
182
474
242
7
258
83
208
10
415
454
488
117
79
352
285
82
26
216
491
410
484
80
436
496
339
113
452
454
111
120
164
335
59
422
6
318
18
372
81
452
308
479
344
388
366
163
151
427
374
207
173
10
236
232
9
430
366
161
342
377
309
385
477
371
79
27
496
484
259
130
428
260
66
244
196
284
17
492
213
95
472
115
41
60
198
104
491
334
409
396
55
281
438
328
201
162
369
52
496
84
407
275
40
202
481
464
177
481
408
79
434
50
389
309
420
68
41
332
94
443
86
218
453
348
240
449
141
256
438
239
371
287
76
88
13
445
225
222
70
402
410
24
314
193
304
399
320
59
130
73
335
162
158
3
83
281
449
411
63
138
406
302
11
8
451
441
15
361
153
188
383
487
160
483
497
56
314
206
211
108
433
413
300
26
40
371
145
293
102
436
381
155
308
435
230
483
444
334
90
455
466
164
348
33
22
7
359
106
359
62
480
344
73
229
151
239
218
418
331
422
463
103
274
359
26
304
259
429
462
91
15
398
244
4
81
83
159
242
421
211
63
470
7
142
12
61
351
478
133
412
254
256
291
120
66
471
354
323
90
418
214
396
172
30
446
