307
189
495
334
393
366
59
283
488
236
112
349
352
428
341
380
158
22
219
87
102
6
368
478
207
390
347
230
215
439
336
388
457
447
453
440
96
395
197
175
399
470
241
463
493
200
195
136
287
253
354
431
184
20
482
46
378
19
44
233
257
260
266
379
132
117
475
272
483
218
305
466
195
1
395
270
292
433
30
219
475
399
212
170
423
385
142
68
433
246
118
213
387
234
280
93
202
85
400
347
279
274
424
234
219
45
35
290
354
450
213
395
116
384
218
63
182
80
281
140
128
438
230
210
160
145
450
195
161
277
433
401
416
157
377
287
210
427
57
118
27
496
93
261
236
437
196
251
195
77
383
86
346
71
207
179
143
231
169
381
295
420
249
477
266
415
41
271
234
237
219
302
99
269
69
380
485
320
369
254
44
268
178
29
369
157
277
458
418
386
112
110
50
119
157
268
249
50
307
252
446
177
488
468
102
391
93
306
304
175
361
435
415
2
257
54
263
316
373
260
199
224
275
303
467
12
400
150
457
255
119
98
129
250
225
154
44
205
402
128
298
141
37
111
74
314
185
312
494
169
59
416
287
319
367
448
142
313
87
74
458
411
242
443
392
264
196
13
177
11
283
198
393
2
320
174
195
463
84
149
80
247
66
400
119
430
220
28
67
37
65
141
100
121
151
413
204
136
369
76
192
261
41
363
342
311
375
163
460
