518
220
163
335
28
423
427
247
203
290
445
479
147
103
113
283
41
383
110
249
170
11
168
36
58
301
195
96
459
436
17
68
193
58
220
440
432
479
198
356
400
255
412
160
124
117
311
166
489
204
65
333
54
313
102
421
75
387
226
334
234
395
329
341
224
420
250
189
316
465
113
53
87
212
22
139
139
126
78
147
138
385
11
342
176
129
124
285
258
161
111
47
166
441
257
299
56
297
463
70
440
273
482
222
181
182
177
4
479
115
10
77
255
476
158
306
395
111
80
292
1
249
135
251
292
239
283
263
477
264
333
428
23
315
495
342
245
393
311
200
429
392
8
244
221
470
437
276
329
39
428
43
73
481
36
477
376
277
459
220
458
267
215
319
87
435
376
97
260
281
470
418
269
125
7
69
27
335
432
421
131
249
426
305
93
435
280
346
482
403
407
23
84
296
457
386
145
33
383
72
50
62
232
403
310
146
318
372
351
319
219
91
448
473
176
478
359
161
214
225
133
361
92
263
50
53
60
325
480
136
190
250
319
356
289
146
93
39
292
444
479
74
258
258
158
266
46
399
16
189
178
34
422
183
247
129
202
444
14
81
98
330
431
320
418
331
323
496
190
52
78
441
43
263
270
141
167
46
46
304
124
485
433
246
400
29
211
12
298
390
465
417
40
361
156
333
348
326
207
48
168
25
437
456
361
28
126
280
415
87
421
96
86
66
193
116
117
419
164
204
442
252
280
345
109
303
412
46
221
195
270
450
92
157
202
480
127
252
154
232
304
259
328
383
223
352
400
149
187
464
54
166
388
400
15
235
338
50
124
114
28
497
491
135
58
474
472
442
381
490
370
68
264
20
190
370
467
43
109
204
186
138
438
258
230
379
414
432
327
128
482
361
410
35
74
86
426
127
223
169
313
348
282
449
259
192
3
464
129
279
172
390
224
236
174
275
17
281
410
106
368
187
56
244
351
55
447
36
15
91
235
157
25
100
283
318
215
453
335
474
206
212
290
366
135
449
464
181
372
370
425
172
16
168
181
191
286
79
191
304
446
472
93
35
466
268
488
100
86
344
95
411
234
434
457
76
56
27
43
304
104
154
269
171
396
408
301
493
228
73
340
495
103
196
219
403
231
346
201
342
92
229
494
383
236
281
19
481
82
112
255
214
329
384
473
86
323
101
164
146
