877
230
311
105
166
391
4
46
351
31
305
328
153
257
3
479
157
34
288
377
280
478
115
500
360
448
143
34
5
25
152
345
402
353
484
94
322
158
171
90
258
49
96
176
296
413
91
90
428
379
364
30
31
227
426
168
127
264
12
465
483
497
12
258
196
294
76
350
119
326
313
173
256
307
26
32
221
115
193
13
200
322
236
275
215
387
29
123
226
386
153
208
114
115
22
200
27
325
410
188
427
498
223
362
169
461
271
285
36
220
281
60
465
138
245
378
359
72
348
192
52
21
180
257
387
129
401
358
271
152
149
98
200
294
420
280
430
493
118
495
110
63
286
99
483
3
147
316
447
214
303
330
37
74
321
347
247
300
98
316
377
154
104
79
417
423
226
181
274
398
4
39
230
105
441
357
122
458
41
113
151
260
309
319
490
283
454
385
93
178
57
214
364
372
431
338
246
108
419
175
8
262
245
427
104
17
438
460
18
51
444
429
99
443
83
333
217
356
333
61
477
94
254
87
288
20
240
329
8
358
79
431
15
377
36
220
164
292
500
50
184
157
252
240
107
314
32
105
404
400
362
270
175
237
160
297
313
210
481
210
13
464
52
282
244
399
222
418
298
473
116
473
167
356
473
158
448
173
365
228
270
191
291
383
188
470
280
62
408
489
219
119
495
39
372
346
452
493
491
265
315
388
270
323
123
396
30
343
349
409
54
152
143
406
50
481
398
50
77
196
379
269
433
470
373
210
144
140
236
115
214
444
478
382
209
398
476
195
424
163
422
157
67
458
387
424
147
157
415
480
85
137
304
435
216
316
291
121
235
272
263
228
108
153
7
351
446
12
258
30
338
426
307
106
367
14
170
222
276
441
70
281
26
382
134
2
76
258
313
273
474
442
5
196
37
63
274
241
221
110
74
423
337
219
29
227
183
352
305
247
239
378
116
292
424
92
393
155
365
334
460
377
221
210
274
480
245
322
411
18
306
265
63
490
97
72
66
312
7
60
103
347
453
452
455
137
69
213
106
13
350
329
207
234
367
228
186
47
355
17
202
198
4
371
473
49
174
24
392
134
94
122
216
271
249
159
289
225
243
90
207
329
376
3
181
427
266
8
430
230
372
18
120
116
312
185
356
91
39
18
130
321
197
78
136
435
340
203
396
15
458
159
134
290
6
324
273
57
299
154
265
260
215
131
128
321
61
287
336
234
241
84
324
248
332
95
391
422
50
264
354
484
28
180
430
484
346
272
20
43
385
397
23
74
381
178
74
216
8
421
342
34
280
384
278
75
10
203
350
252
83
498
122
159
491
309
443
168
218
267
419
322
398
63
108
7
50
381
298
221
13
387
140
447
499
95
449
15
8
485
220
310
58
305
117
353
187
258
361
34
254
473
155
113
15
31
496
27
14
281
329
309
92
345
340
366
355
370
16
99
134
188
13
451
208
25
477
429
186
366
409
136
272
261
99
456
140
76
236
307
176
90
381
467
364
278
317
83
488
335
311
339
156
118
277
395
145
277
496
35
282
103
417
5
430
285
115
408
440
104
179
187
357
264
360
236
374
104
56
57
149
95
158
69
141
437
168
299
360
87
421
336
72
224
23
30
72
100
219
308
116
37
248
137
489
236
357
439
466
490
111
416
435
462
33
402
154
439
183
487
226
293
492
83
183
380
166
309
120
41
115
49
328
232
477
299
419
144
456
452
15
267
76
421
126
28
173
276
254
238
316
450
31
373
101
9
169
49
126
338
176
154
232
74
303
102
434
249
72
141
126
168
90
361
418
303
113
289
160
106
266
43
209
80
174
349
61
433
416
370
256
12
421
189
185
76
498
417
489
230
288
318
325
299
327
286
105
391
437
289
376
129
278
190
37
170
168
187
210
192
40
234
210
163
218
411
278
66
97
310
392
119
322
281
435
72
90
420
249
252
250
476
84
400
374
375
48
483
173
325
238
405
154
466
486
256
44
61
271
108
84
273
390
227
239
73
291
267
274
