768
164
118
355
14
395
256
441
146
73
56
345
387
355
26
200
216
304
135
333
83
154
127
351
237
370
242
254
143
120
192
279
391
71
494
302
340
464
41
267
307
363
314
200
425
51
26
324
137
357
290
289
466
359
258
167
39
269
222
36
90
112
262
83
181
154
1
200
238
155
276
138
104
394
289
143
419
204
23
92
305
391
4
75
230
142
471
396
332
50
346
407
28
495
260
352
20
443
364
337
454
397
498
107
316
447
209
11
107
204
424
231
166
471
86
116
259
43
427
143
78
144
45
491
489
123
370
140
117
312
475
76
242
268
222
330
13
372
7
484
315
169
494
430
457
238
279
56
145
451
70
276
23
287
180
59
480
107
97
36
308
204
392
466
67
74
321
155
157
59
247
425
1
170
440
141
310
405
227
310
260
48
127
426
45
91
53
31
219
479
460
124
254
331
114
167
138
38
146
461
37
38
392
312
406
199
326
347
485
255
243
15
380
404
378
454
110
168
60
477
201
459
264
251
277
50
266
487
369
340
138
357
34
75
110
499
246
204
233
29
30
412
270
151
328
43
388
20
47
239
104
271
94
455
364
30
454
484
146
77
189
116
484
19
190
309
202
490
410
90
292
431
157
36
225
78
334
211
236
244
277
363
185
278
309
100
401
69
61
328
486
273
430
422
424
82
70
453
403
402
332
180
420
25
366
127
156
71
137
273
359
277
346
135
472
134
4
445
66
7
161
156
149
257
240
39
287
179
134
253
117
231
121
22
48
314
53
490
241
251
256
158
136
36
359
226
105
462
41
266
335
213
180
271
203
355
171
166
344
10
202
67
381
157
165
84
161
67
474
36
402
117
81
373
303
200
316
141
50
195
262
491
201
87
437
390
81
44
287
459
492
234
186
286
435
399
256
58
330
315
209
445
155
354
46
454
381
447
41
461
18
180
249
272
207
488
40
227
419
376
396
298
374
8
54
142
382
166
234
288
340
52
429
5
219
490
332
357
406
178
218
303
78
147
28
450
218
113
260
340
19
122
478
447
419
288
206
439
298
206
378
111
293
336
204
76
446
165
24
191
464
100
123
122
240
434
401
87
77
118
159
392
319
363
293
431
374
25
98
54
124
218
446
282
348
187
388
323
393
202
484
322
430
179
159
482
180
298
345
133
485
386
191
315
191
362
40
156
3
169
10
398
235
247
437
245
443
426
271
212
248
270
53
40
225
112
324
447
241
338
348
295
121
139
174
382
406
461
165
24
123
429
153
258
444
485
58
168
302
333
427
89
97
453
11
320
291
359
169
458
131
339
374
434
253
286
210
435
173
182
87
122
65
16
261
460
194
3
263
407
434
256
294
297
271
178
150
94
388
375
177
257
299
161
327
132
130
274
337
392
331
161
201
459
482
400
460
400
97
254
210
471
130
235
434
57
423
290
238
215
23
185
354
126
56
79
159
127
356
309
145
240
156
184
112
497
273
86
472
44
434
70
37
127
2
109
236
123
147
245
251
25
24
237
134
488
151
18
458
146
13
96
319
39
361
145
437
426
427
306
107
202
421
431
390
295
179
214
216
93
7
146
409
22
4
279
475
499
463
246
360
337
44
103
171
153
253
89
498
353
447
287
307
217
137
160
90
351
73
420
214
134
126
210
372
425
359
90
263
228
77
179
441
72
98
61
373
286
381
171
96
306
354
326
66
273
134
34
238
359
147
285
466
218
404
69
79
374
35
410
407
473
476
112
20
375
417
199
153
447
