668
447
83
364
144
377
219
357
187
98
80
336
355
487
425
110
367
198
13
322
252
15
36
489
229
186
348
63
264
57
57
115
352
191
219
320
50
147
291
107
371
498
415
192
148
294
341
193
31
466
284
101
169
194
23
113
464
431
70
220
21
8
403
498
119
227
9
307
115
258
57
86
79
9
118
333
420
67
185
207
266
440
462
226
255
369
334
77
99
391
356
278
419
297
431
293
8
240
437
193
444
88
352
158
168
43
137
70
384
390
312
96
320
407
71
494
171
405
226
483
47
38
115
360
68
304
71
295
172
391
103
469
180
414
12
428
373
293
108
303
284
171
150
277
52
131
357
252
36
452
188
99
136
247
245
70
76
233
482
5
215
314
331
375
493
300
250
363
311
193
124
413
128
214
468
261
471
119
453
169
3
291
119
91
306
444
300
101
85
220
236
18
281
86
134
436
284
242
80
331
14
316
500
99
383
147
300
301
465
321
252
392
488
62
187
102
108
223
19
197
229
153
173
170
1
63
479
227
449
257
360
405
90
318
168
382
354
458
292
12
302
427
297
389
171
497
133
365
279
462
98
81
372
352
205
126
48
41
290
377
416
23
481
57
98
27
320
29
268
494
159
179
129
143
356
449
459
152
35
55
399
439
226
101
412
424
85
289
9
60
375
29
108
312
175
426
175
478
105
92
154
429
421
21
475
343
385
340
293
247
11
277
195
484
205
50
275
143
367
428
389
135
338
112
481
454
478
52
373
221
285
176
72
62
438
390
16
380
493
417
108
290
52
273
8
95
101
307
118
336
449
14
36
492
132
373
221
172
35
144
355
11
422
205
42
284
107
75
307
154
314
284
106
184
150
219
326
53
129
73
92
458
262
152
178
98
467
76
274
282
256
77
434
116
191
118
115
349
431
31
249
201
102
134
249
159
173
190
52
78
229
27
382
291
347
381
190
396
209
270
121
192
431
128
34
475
260
103
108
331
218
383
193
338
368
138
265
70
62
198
167
366
261
401
436
473
46
141
97
308
445
323
201
169
115
44
226
274
450
436
65
203
348
118
337
355
8
56
344
328
23
388
299
89
310
16
430
273
9
273
267
228
452
349
256
343
472
401
499
207
339
179
329
262
273
465
219
253
179
165
472
11
374
339
491
431
378
403
339
283
491
88
483
262
192
287
19
432
239
248
381
144
393
173
205
126
249
15
100
7
151
293
170
481
270
300
132
248
195
451
332
188
284
227
142
24
355
354
225
482
418
265
388
231
299
48
297
348
105
260
47
339
494
283
381
268
135
150
26
176
140
63
412
334
252
69
56
340
12
288
136
431
391
335
111
57
433
484
205
232
44
433
45
176
123
31
154
186
2
242
53
23
85
392
277
322
368
127
113
240
495
413
13
312
341
242
23
455
360
408
24
14
270
94
226
190
446
254
229
216
205
291
44
144
55
213
189
452
138
312
384
269
56
264
344
481
24
135
11
463
366
336
115
486
327
6
65
28
327
147
145
395
422
181
444
33
64
15
104
312
