760
246
216
149
47
476
45
12
67
34
268
31
467
150
311
99
376
155
325
77
267
397
211
319
419
380
490
7
207
184
300
381
313
19
427
149
239
382
222
120
178
354
191
66
439
2
76
159
171
28
421
178
482
423
254
243
375
491
408
2
445
435
454
364
179
499
97
380
258
313
26
10
207
61
298
194
353
61
322
295
77
55
159
7
255
129
356
326
99
441
456
10
167
236
425
95
312
456
171
284
444
93
415
126
22
209
363
12
15
335
392
48
415
340
217
86
99
249
283
206
442
159
20
95
471
85
284
87
432
23
91
270
284
94
3
465
486
136
426
87
78
308
318
401
36
275
343
146
442
489
297
237
50
470
366
222
99
220
255
368
489
424
375
384
111
92
393
38
229
347
169
315
73
440
320
427
290
184
123
348
55
266
309
359
32
252
293
326
372
322
323
285
497
475
414
105
173
411
341
410
140
135
46
333
182
166
342
249
19
179
183
490
128
472
187
491
28
14
173
440
329
83
354
202
165
120
100
314
330
46
95
428
378
186
347
409
230
168
213
239
99
232
254
36
494
11
24
409
441
357
219
299
52
403
442
36
232
163
202
327
357
7
324
493
57
281
438
210
392
333
20
322
404
443
336
117
68
227
330
138
440
471
177
308
339
158
134
486
472
196
290
90
107
472
383
20
130
292
218
340
486
256
3
242
68
236
305
265
176
440
307
21
421
177
405
2
298
468
398
305
382
243
242
489
383
439
315
245
240
219
196
340
249
314
126
258
223
163
73
217
295
482
378
383
311
119
26
121
222
161
158
492
229
115
5
308
298
38
158
153
65
118
218
345
493
324
41
146
499
332
393
73
280
357
387
403
35
337
308
38
15
273
294
403
39
22
367
266
416
183
332
316
43
441
134
464
445
308
89
3
90
282
51
135
65
349
135
278
281
390
287
293
461
120
107
107
105
495
421
215
145
492
247
53
110
232
435
204
214
71
296
476
117
307
213
341
32
182
108
219
269
272
340
360
223
458
120
296
447
193
329
212
40
62
5
4
467
91
381
241
56
90
148
193
267
129
311
331
177
323
20
258
410
298
377
118
151
286
45
104
384
334
97
177
2
1
125
57
78
49
72
384
70
351
352
139
225
298
383
108
110
218
466
444
453
376
188
340
130
46
14
294
197
28
32
500
383
321
83
190
135
160
449
413
273
319
233
46
171
184
6
381
353
286
34
377
337
5
96
240
3
188
151
103
234
480
246
440
378
82
79
392
398
407
218
202
293
434
141
197
281
56
97
256
274
154
268
439
303
83
497
430
220
142
465
94
34
219
459
186
296
284
233
173
318
293
465
102
174
308
350
428
30
7
143
12
159
464
133
337
87
60
360
457
382
42
455
376
438
167
428
100
361
403
86
129
379
220
309
90
35
369
51
324
355
255
472
91
170
62
47
484
421
250
224
1
200
270
309
311
50
73
479
442
176
391
168
103
331
214
210
84
181
217
392
56
491
77
180
301
83
5
352
422
68
359
200
179
499
412
171
311
201
9
50
407
458
212
433
259
452
92
433
132
259
427
245
313
404
377
472
459
56
93
111
439
21
116
242
274
55
301
337
107
489
479
112
91
71
269
56
10
483
67
80
485
102
321
402
66
88
187
354
208
427
371
76
106
36
414
337
203
220
13
328
179
271
7
209
491
27
444
98
355
427
173
61
259
386
194
344
340
267
95
176
164
345
89
456
47
168
3
