486
278
189
36
329
430
356
65
123
314
86
356
374
470
128
390
339
166
341
226
73
51
427
3
345
122
483
492
457
156
269
94
212
15
34
118
235
359
149
52
185
125
99
163
128
357
126
188
239
171
284
189
259
303
268
102
76
123
361
185
69
113
41
22
112
437
497
450
479
412
67
244
119
475
189
126
37
382
387
440
329
281
333
385
35
242
153
478
472
272
244
475
429
179
45
342
326
165
455
353
497
169
369
382
34
169
150
357
26
444
307
121
422
256
13
260
84
362
459
144
232
360
387
53
325
248
479
340
411
293
6
198
488
230
282
142
150
449
468
20
14
429
86
100
282
295
498
346
123
478
367
207
169
119
270
56
308
302
45
475
303
394
440
142
417
90
439
99
102
36
314
100
418
187
496
151
284
76
422
190
96
230
164
176
439
24
25
244
427
455
318
101
318
284
500
392
244
107
245
265
139
162
317
61
186
324
150
214
417
53
372
160
247
153
406
298
149
493
276
355
494
373
178
242
419
219
82
209
424
192
445
53
157
463
291
454
494
106
426
396
85
88
125
373
279
109
489
185
217
220
32
451
352
157
309
322
415
235
75
100
482
420
86
6
431
123
242
79
317
394
350
473
71
51
375
264
429
316
418
350
8
343
292
376
306
160
4
238
262
308
53
161
98
425
324
409
83
34
397
325
92
104
445
390
4
60
312
286
464
88
195
241
237
240
244
257
192
396
89
482
332
122
282
469
323
197
351
373
450
296
172
327
54
84
111
490
428
437
42
478
346
363
434
473
494
500
264
275
378
242
466
481
340
409
445
455
366
89
431
251
147
485
135
274
401
203
17
286
266
215
364
92
101
406
354
330
20
188
416
392
191
130
142
99
150
304
218
264
3
46
401
490
4
188
346
137
395
223
437
457
91
170
295
469
253
342
175
229
166
378
489
323
27
120
393
333
240
189
197
163
274
138
436
10
198
167
54
209
260
268
221
83
51
323
8
1
56
153
226
57
470
87
189
134
476
132
104
114
268
454
167
169
178
226
16
364
53
228
194
261
486
288
20
449
14
400
400
327
60
416
137
298
42
343
414
141
156
410
461
275
239
433
134
45
16
102
193
271
