529
300
181
52
95
144
454
238
184
154
127
218
395
1
221
376
62
294
352
451
133
316
93
392
133
127
350
56
452
138
67
294
376
92
431
112
343
177
301
27
478
132
344
265
297
249
253
410
386
63
96
370
77
300
189
317
47
497
487
253
410
320
363
456
303
176
206
125
262
278
137
391
102
441
364
99
413
115
432
366
270
246
472
162
233
344
426
62
102
326
56
377
369
496
82
335
70
62
130
34
100
23
381
210
252
449
391
447
293
447
197
35
190
37
39
291
31
485
268
174
60
19
40
436
485
126
19
472
65
97
192
92
277
372
237
397
251
24
226
258
467
353
164
206
446
438
250
100
417
445
425
394
272
211
92
245
122
162
219
439
36
238
316
467
457
278
158
360
285
142
373
324
169
93
342
467
430
20
499
350
41
138
360
30
217
450
67
73
191
209
277
303
55
439
92
206
280
380
184
235
92
120
3
280
380
384
450
133
198
463
310
377
264
163
422
386
469
52
418
495
474
326
377
398
54
34
283
6
93
6
138
493
310
308
188
483
324
129
297
53
326
251
142
432
190
76
141
493
190
405
336
41
334
29
416
317
92
426
46
407
26
440
324
263
397
132
401
328
165
456
206
35
285
136
391
148
399
389
401
416
138
5
377
81
306
22
378
387
55
287
211
364
109
154
439
277
175
355
317
165
43
145
286
186
409
283
318
37
215
267
369
482
463
117
266
135
368
197
29
194
418
397
6
214
388
309
122
458
90
46
209
452
110
432
196
379
352
87
386
491
402
132
229
16
142
112
163
337
78
402
424
395
52
376
94
405
149
20
333
31
147
111
356
262
226
46
380
214
132
320
460
49
236
62
486
338
475
398
127
465
98
442
128
70
119
381
75
33
390
323
353
180
478
264
98
314
459
98
67
54
123
58
303
364
433
320
159
300
159
259
118
216
170
272
299
98
209
139
146
73
81
14
478
157
307
20
52
477
389
192
304
296
63
450
384
467
221
394
285
249
212
248
300
93
443
340
341
124
435
450
474
150
171
5
19
173
486
3
394
231
36
84
120
296
10
214
266
307
267
461
255
298
283
255
203
53
345
282
209
20
305
454
128
499
352
469
376
205
423
141
270
203
431
254
398
245
385
376
21
176
253
115
441
55
76
246
56
396
476
154
411
457
188
363
307
237
488
460
430
260
154
166
499
134
316
370
3
493
236
67
50
