756
31
43
136
36
157
172
275
295
220
143
241
463
441
16
187
323
419
201
375
424
147
459
438
83
227
409
387
316
226
217
332
72
339
89
33
246
361
165
205
251
285
318
116
275
339
15
61
59
26
367
476
227
486
185
271
170
494
398
401
436
278
324
145
311
343
380
460
288
385
486
235
290
221
392
219
390
90
428
370
41
293
345
190
147
304
395
273
236
468
135
287
475
166
229
319
15
387
169
108
452
367
155
234
482
154
254
205
67
253
271
8
61
279
5
446
492
192
141
319
482
375
311
51
365
55
292
216
64
442
242
373
332
388
184
282
120
146
398
179
134
248
462
15
102
322
35
217
256
128
34
68
37
154
336
185
121
329
176
300
74
461
284
440
468
274
46
267
311
90
23
478
11
251
498
222
273
40
222
392
2
282
93
221
364
268
215
128
212
76
358
57
473
25
36
206
175
79
246
13
358
433
239
399
106
396
436
303
359
280
438
462
220
221
457
130
129
26
130
302
224
226
206
471
121
170
262
364
17
141
351
179
123
139
339
187
417
220
77
373
94
465
211
62
136
480
405
247
232
138
29
158
225
426
217
140
160
472
457
103
209
27
380
117
34
188
318
2
117
178
308
46
228
286
310
130
259
87
197
323
129
426
419
333
26
12
403
458
60
347
89
222
213
190
406
174
112
132
305
419
391
486
69
464
214
349
98
291
270
222
218
304
172
209
316
271
417
240
326
318
415
480
259
367
500
72
16
195
271
400
363
92
129
244
49
267
256
25
180
48
91
290
27
199
37
415
65
368
161
90
105
339
110
197
467
363
446
271
387
56
448
419
189
86
236
45
256
361
491
491
255
19
123
381
345
483
492
313
249
363
265
499
101
442
461
96
184
153
206
373
174
396
10
493
182
352
56
131
212
376
341
261
228
198
10
9
335
426
433
205
317
145
179
321
268
43
72
77
478
323
414
352
353
316
383
462
142
216
409
240
496
12
127
193
402
497
104
177
250
29
348
469
384
249
93
370
306
54
443
414
122
306
408
171
185
216
350
6
270
387
359
259
465
163
261
446
249
441
233
310
357
55
317
88
3
56
445
377
234
382
130
420
55
218
237
251
213
223
55
378
433
220
446
300
34
19
247
216
142
166
469
18
245
34
47
314
393
362
377
66
356
468
353
480
350
18
230
394
34
34
233
97
436
149
418
163
396
1
181
343
388
224
324
371
17
256
72
8
174
75
10
82
493
16
120
317
14
315
153
434
259
37
482
95
214
324
34
105
265
328
54
436
196
46
89
124
61
241
14
332
99
250
209
23
16
225
67
423
223
329
251
318
321
383
488
304
140
205
496
33
173
449
148
174
441
177
498
489
50
311
395
24
391
324
276
143
118
292
457
202
54
463
244
486
435
26
69
228
253
206
247
78
167
308
138
308
400
309
258
98
243
244
57
391
407
345
28
453
470
177
112
23
18
466
96
66
65
143
95
248
225
45
438
367
115
149
291
432
52
246
52
343
113
388
438
81
170
8
257
385
333
371
479
164
260
198
247
375
496
181
67
10
433
126
235
369
134
407
469
210
10
207
78
465
255
285
332
278
373
426
195
24
214
327
329
407
91
471
345
184
332
78
346
4
153
467
240
353
391
355
158
72
285
293
202
230
477
41
164
239
375
287
354
480
209
297
100
407
28
404
282
452
155
307
382
21
59
462
71
436
143
224
172
364
93
447
73
328
