318
372
473
262
322
304
368
441
365
49
111
297
412
441
480
120
14
265
149
307
293
136
49
333
28
352
328
287
74
443
58
223
458
214
459
248
137
62
299
36
371
390
200
335
464
472
83
23
414
139
95
348
439
108
184
228
348
457
204
3
121
270
460
169
428
163
336
461
12
34
72
337
500
421
57
127
411
306
147
45
431
437
309
55
26
11
70
5
317
96
382
260
363
254
491
18
411
428
72
193
184
17
392
163
182
213
76
199
406
89
167
494
47
402
378
393
162
483
34
231
6
27
220
69
207
34
387
174
417
287
376
115
401
457
478
64
168
178
281
119
111
188
192
372
332
118
22
277
430
50
261
239
115
280
481
163
271
206
238
38
312
130
15
48
352
260
407
386
70
300
399
177
95
159
53
13
184
474
166
397
392
495
145
125
168
258
286
82
378
286
119
78
58
112
34
155
467
321
234
473
359
368
58
235
438
246
366
214
161
464
366
427
351
22
173
481
84
169
269
14
95
478
187
454
9
265
36
18
387
152
68
399
369
240
19
38
464
150
300
302
344
86
113
119
86
23
111
394
73
293
122
26
236
479
120
126
310
389
98
363
264
26
104
302
486
118
245
13
205
257
271
103
246
479
299
107
319
347
243
485
237
214
44
371
51
136
146
49
234
393
463
495
458
365
250
282
496
237
101
165
401
145
50
435
165
319
485
437
280
296
441
101
42
357
331
108
37
253
240
175
