459
205
354
163
22
337
274
443
379
338
41
380
284
177
313
209
451
37
84
158
224
193
50
181
307
360
189
91
476
316
80
430
445
120
321
226
68
377
135
246
33
203
367
324
470
416
51
164
32
222
391
257
449
436
391
417
312
411
449
110
428
449
296
273
415
426
346
154
306
378
341
330
150
173
292
63
430
106
267
158
422
258
437
121
490
188
341
103
407
81
98
280
34
281
199
307
263
405
446
217
169
87
213
286
269
451
126
87
148
399
211
22
81
39
129
35
192
350
421
153
85
304
255
258
306
465
86
36
51
299
152
176
375
291
203
284
104
161
229
146
431
19
67
201
249
151
427
47
489
125
282
59
82
395
253
160
115
260
260
112
125
71
84
330
309
379
197
442
145
383
207
25
181
30
149
287
338
133
76
432
410
289
280
230
342
163
11
366
159
34
122
298
499
301
111
5
411
12
21
188
94
385
259
467
157
265
212
484
4
445
67
499
75
458
440
454
52
370
197
55
261
155
239
7
239
365
153
490
248
495
363
136
357
392
94
285
478
430
173
143
147
39
248
88
231
52
417
363
378
202
336
368
104
367
115
299
43
487
413
337
214
399
114
276
87
314
443
251
126
307
123
265
374
252
216
231
452
331
72
308
459
29
164
477
430
451
155
77
428
420
415
397
96
100
67
212
412
253
119
400
403
175
279
193
271
179
119
259
437
92
128
414
411
449
4
281
373
25
198
394
82
67
432
251
6
350
181
198
437
264
456
33
243
227
299
189
397
300
120
37
478
470
246
25
325
246
464
249
163
15
217
449
437
20
287
207
147
206
84
96
240
360
302
482
400
153
7
391
55
87
471
388
226
173
289
97
271
354
169
41
82
184
119
324
401
95
356
140
85
258
37
187
378
471
324
39
260
255
162
283
259
432
405
169
391
213
218
429
291
239
294
384
115
369
445
209
90
28
300
155
243
440
271
362
383
487
474
63
297
404
120
303
263
415
9
232
75
211
196
237
407
479
67
199
231
440
474
212
364
12
295
352
136
23
151
394
31
251
489
339
348
