622
289
177
6
32
301
82
423
218
303
320
436
124
268
490
210
121
351
159
291
66
201
111
485
274
196
29
430
9
251
350
220
28
206
442
378
396
43
127
93
234
364
478
212
77
379
33
274
346
33
117
131
29
330
36
353
361
278
402
461
236
21
16
5
419
360
459
153
136
450
401
188
325
213
13
471
429
425
119
80
297
242
366
233
64
425
274
393
414
72
488
371
234
306
369
379
483
425
229
177
96
6
365
191
363
406
24
478
342
62
173
121
33
225
105
389
230
121
254
181
63
130
126
57
193
66
186
313
188
492
347
294
247
500
415
235
160
419
359
65
110
483
19
305
357
454
50
459
181
126
35
407
338
389
441
483
470
297
106
349
174
377
186
346
155
58
309
332
40
221
187
60
347
254
380
384
15
53
238
298
392
452
381
405
285
311
376
340
210
299
438
484
57
85
140
435
242
346
246
373
267
431
459
18
30
481
148
490
261
139
452
27
198
451
421
124
458
210
160
85
451
248
157
254
465
270
421
161
258
403
355
167
349
392
144
28
227
71
420
170
329
478
261
225
332
48
23
427
319
425
268
438
58
357
176
183
234
118
487
426
345
269
402
330
38
406
298
442
366
309
119
84
425
64
320
42
47
470
382
23
106
448
496
114
291
141
38
334
408
196
389
320
473
361
87
430
26
425
455
339
236
477
178
274
430
344
301
120
25
285
398
36
36
227
461
326
198
224
455
455
43
260
421
272
468
397
277
146
284
355
241
100
215
237
124
158
40
186
393
331
239
97
408
202
497
167
259
318
223
34
344
176
402
58
431
133
251
171
204
271
190
98
28
332
275
319
422
73
123
415
104
81
58
118
379
136
425
91
72
98
402
303
216
3
459
491
319
92
334
10
109
12
399
204
239
141
18
457
238
198
23
273
457
268
440
133
447
371
196
46
67
401
363
336
324
57
196
449
270
29
125
118
292
191
42
415
386
429
135
295
339
94
328
498
296
56
438
193
417
14
162
234
29
496
362
44
15
105
307
210
252
392
88
235
23
6
193
463
194
61
374
475
423
5
334
245
214
375
196
494
29
127
151
383
192
146
211
143
341
297
226
309
248
88
315
174
13
305
202
462
474
468
415
19
394
251
349
90
122
147
486
232
386
344
467
67
412
381
349
385
24
195
63
434
98
290
490
86
63
318
94
21
323
275
493
213
289
299
121
369
448
60
404
211
296
217
158
356
256
223
346
362
145
171
240
230
87
202
389
159
183
383
137
169
352
406
170
455
43
34
374
303
441
68
405
75
236
412
248
41
416
228
324
275
30
318
318
28
390
23
148
457
317
256
112
157
226
12
168
444
261
184
344
335
365
385
343
237
313
471
468
298
297
181
37
91
98
36
405
115
128
218
262
44
272
39
237
389
160
46
37
453
250
356
