717
45
76
210
472
63
134
170
150
239
238
306
21
50
82
109
106
92
326
67
191
362
76
413
110
151
281
467
330
251
358
50
172
131
48
377
122
257
174
336
284
247
158
363
26
103
359
364
320
24
302
378
57
85
350
42
146
479
482
470
463
44
460
256
91
207
323
21
223
399
120
54
368
401
145
188
424
285
4
154
283
176
310
214
374
240
75
95
68
237
492
26
285
410
286
288
98
46
213
348
119
244
438
349
102
158
422
228
192
45
145
419
77
65
25
309
327
238
351
470
116
78
52
494
192
230
21
76
238
443
296
384
30
485
434
453
338
329
208
25
145
426
96
271
208
26
156
57
367
319
497
305
291
401
166
93
385
283
497
22
474
471
142
286
213
249
101
378
153
474
487
245
403
177
475
138
403
412
175
107
90
160
374
181
12
195
298
404
170
17
461
8
262
296
356
302
262
28
6
75
78
206
277
114
426
213
87
351
42
126
14
307
324
408
26
155
350
195
211
332
161
281
238
352
210
62
1
308
347
251
134
242
297
420
320
482
478
83
79
24
229
357
440
25
42
272
145
61
407
458
166
175
273
358
336
387
150
232
478
236
207
49
117
14
218
297
357
294
396
270
284
440
24
76
146
293
18
235
34
176
399
54
419
290
30
433
339
189
102
322
343
414
350
419
430
39
437
336
427
122
355
426
342
163
176
76
392
199
66
342
110
216
32
378
257
162
260
125
282
274
275
329
255
226
197
257
198
208
275
18
67
95
103
372
113
464
84
128
165
227
105
376
436
445
204
68
429
365
60
419
46
135
332
372
336
452
166
429
193
87
434
178
41
235
156
59
32
57
176
92
486
417
91
485
493
299
265
316
19
68
205
270
123
274
125
52
199
196
251
437
299
18
112
133
413
391
406
144
416
200
496
381
371
437
357
290
337
226
221
135
34
67
167
266
420
367
462
20
263
422
319
449
315
287
192
286
206
3
50
414
497
58
80
118
63
46
1
6
208
114
300
284
283
250
98
164
226
140
72
212
402
185
6
32
118
152
14
57
245
175
354
94
118
76
385
52
375
366
465
322
457
131
452
76
106
96
150
155
209
488
173
117
293
171
289
190
267
386
71
151
81
262
124
307
272
136
89
178
311
376
492
289
49
117
282
374
302
179
316
28
148
283
371
7
340
387
446
96
436
433
77
323
68
322
307
114
295
367
294
277
175
379
166
164
95
423
83
94
205
466
158
78
8
408
261
436
478
200
99
286
175
286
474
346
16
430
351
437
474
141
55
180
302
40
143
102
125
343
138
133
140
213
82
466
61
189
127
15
372
71
207
34
184
107
353
311
269
93
45
175
138
2
117
271
453
384
152
427
241
448
151
474
202
71
259
251
30
461
174
133
486
357
230
215
277
37
262
94
169
341
284
122
103
42
178
183
223
61
456
96
463
249
246
154
13
54
5
430
484
267
328
200
243
200
272
170
412
228
206
88
318
97
231
438
224
293
128
136
437
12
194
304
461
467
308
188
158
228
137
166
139
361
439
212
100
141
206
109
429
40
107
237
353
412
124
292
43
227
42
365
415
74
277
308
477
103
335
181
21
59
77
291
90
5
346
144
277
44
278
176
50
40
383
268
369
127
343
411
209
