796
82
365
77
159
395
299
340
422
36
316
308
387
35
7
230
258
17
38
381
341
161
277
331
170
381
179
255
67
64
101
185
212
324
234
138
211
273
485
225
83
20
226
42
6
449
498
376
215
379
72
461
435
211
243
104
240
35
185
363
327
201
187
162
113
463
179
51
256
322
42
485
428
258
169
462
216
344
97
131
110
217
433
297
361
145
180
101
45
127
144
329
221
468
333
45
276
227
139
448
53
127
276
160
275
334
229
312
492
180
123
435
419
280
86
17
119
411
262
396
258
182
475
241
117
36
74
389
180
419
65
454
75
464
161
362
187
142
430
488
327
415
26
33
52
196
433
205
226
221
455
175
253
336
344
143
132
414
272
358
170
492
119
75
149
444
223
79
317
60
40
378
228
303
112
240
92
240
427
134
18
246
117
425
309
372
353
464
433
70
146
421
293
278
471
81
120
372
155
31
63
44
267
59
291
292
15
408
16
69
155
495
114
459
469
438
332
419
84
159
9
272
7
384
497
257
466
391
347
84
169
351
149
164
331
26
361
168
225
265
242
219
255
204
150
327
287
78
202
289
127
67
363
479
28
325
131
288
229
113
10
448
141
438
38
438
159
499
101
405
363
343
86
338
302
97
314
316
243
317
164
405
283
254
15
488
242
195
478
76
322
115
342
291
3
264
58
195
193
118
424
280
106
443
31
257
116
235
80
152
101
164
165
37
328
204
306
287
271
250
223
8
286
382
54
241
351
373
474
446
312
247
329
64
24
8
193
385
224
364
237
95
181
430
285
170
15
391
360
163
332
319
449
85
173
389
447
424
301
149
217
48
371
439
333
26
246
18
429
313
168
154
327
135
235
303
41
67
338
177
352
133
269
264
213
455
475
32
104
190
133
281
388
41
204
396
467
198
296
25
423
211
194
228
442
22
71
7
349
474
466
412
206
13
250
327
166
342
428
199
394
424
219
28
450
309
153
352
83
376
22
385
329
196
492
202
224
272
321
70
23
216
114
138
435
310
71
283
396
189
476
394
200
42
255
490
108
115
272
386
318
119
132
63
206
199
260
77
336
167
12
361
354
496
172
82
30
369
352
480
196
249
75
149
495
187
64
35
429
140
51
106
360
484
194
57
7
98
444
307
255
213
266
87
223
436
39
393
339
226
73
338
453
458
121
149
230
268
64
175
149
407
263
41
144
23
100
209
358
350
194
74
480
451
62
492
453
498
323
209
459
449
342
118
28
95
254
265
177
188
262
423
209
90
389
369
426
319
370
430
319
327
371
477
56
452
435
160
65
294
376
92
38
137
323
382
412
89
357
325
429
117
25
398
144
239
347
32
15
453
383
437
349
49
79
72
49
249
86
479
181
354
489
289
239
350
75
500
266
284
256
381
57
21
350
291
195
322
106
121
198
269
77
16
40
111
398
371
75
138
4
178
393
280
468
272
314
450
484
179
417
331
249
137
454
292
290
101
37
153
306
452
387
106
283
297
457
293
384
39
69
215
107
287
424
92
323
433
496
291
24
468
130
104
418
254
63
160
23
161
479
422
63
262
207
69
424
211
27
489
337
498
447
35
336
180
166
192
80
353
372
458
69
181
32
280
13
115
76
79
54
344
228
469
273
241
370
26
18
262
151
469
497
58
214
187
28
32
448
358
165
334
243
335
277
12
223
458
32
256
274
234
51
131
197
284
236
39
103
340
171
26
324
386
348
18
389
22
109
323
497
18
55
138
264
301
242
419
168
380
445
437
185
376
471
73
196
197
31
223
418
408
120
151
246
75
118
98
45
390
368
410
174
178
435
140
72
233
