534
363
188
229
134
257
141
266
489
221
136
333
246
245
458
270
451
23
315
77
171
282
404
361
446
41
160
187
175
108
307
86
350
492
161
427
408
463
172
498
121
62
313
488
123
251
322
367
317
179
20
262
179
65
79
189
164
445
80
76
225
49
381
439
311
217
44
274
11
108
310
189
317
283
403
257
259
274
149
402
372
48
288
416
63
188
280
89
357
19
466
399
16
113
156
486
449
107
347
428
422
154
1
139
421
342
290
144
277
419
329
38
348
485
419
157
311
242
251
200
453
397
340
4
139
113
234
309
125
110
356
7
297
287
250
25
372
347
298
342
157
54
144
279
73
68
421
63
392
48
293
162
245
357
399
160
391
436
45
102
207
89
68
82
185
228
190
57
351
484
67
462
128
274
472
469
81
178
278
201
325
225
368
491
460
328
352
394
430
460
411
323
390
22
224
377
114
192
311
253
133
387
373
108
201
245
279
488
337
118
450
24
451
87
229
7
227
349
381
82
160
62
214
310
342
494
2
108
431
160
430
236
466
37
3
72
209
320
126
57
175
298
372
438
89
280
256
103
377
73
111
396
304
382
460
399
364
280
95
412
232
376
491
435
231
61
491
298
463
158
469
467
131
315
458
345
147
376
457
242
375
104
446
393
102
323
250
68
459
226
135
147
202
79
262
312
207
432
308
491
400
409
52
82
371
73
362
259
318
285
128
192
316
353
230
83
79
286
44
334
495
97
34
327
40
7
370
477
379
74
437
469
167
490
284
302
270
159
182
494
42
105
497
329
36
418
51
436
310
203
394
18
45
305
376
187
231
193
341
36
362
219
72
82
1
312
395
171
62
274
292
210
114
4
311
297
468
236
473
107
156
465
444
47
45
105
489
152
42
136
486
475
209
282
379
329
153
53
442
465
187
33
242
57
310
112
252
117
15
434
500
440
28
265
198
385
170
170
445
100
61
362
245
45
371
60
3
130
159
383
376
337
485
130
322
144
227
87
19
76
178
442
184
3
123
291
288
336
192
16
292
333
393
164
417
339
468
460
333
166
376
6
475
10
465
439
337
268
244
86
475
70
196
413
213
17
420
495
170
277
88
74
18
374
426
330
128
55
21
272
195
267
407
124
374
244
35
448
264
376
258
28
310
299
406
307
358
425
416
56
159
387
233
425
122
167
99
411
396
163
253
198
198
455
445
199
337
139
38
27
89
176
252
98
70
35
