530
296
185
499
146
83
103
412
53
341
18
93
146
366
150
383
277
283
17
242
363
445
50
468
373
21
253
261
176
145
215
130
447
229
411
48
167
419
440
370
244
96
186
406
132
482
215
367
116
422
90
276
186
261
445
488
40
98
355
405
238
183
417
195
126
220
349
280
253
325
288
489
474
200
288
243
29
381
128
79
493
220
423
396
425
87
220
249
32
496
171
62
60
390
136
143
75
199
463
263
41
394
387
211
344
97
23
221
238
425
38
223
176
445
331
112
126
324
236
404
127
311
368
208
29
121
27
116
90
237
384
213
105
368
491
434
314
36
64
336
365
125
180
338
61
170
31
273
199
327
447
333
198
479
50
394
276
348
102
480
131
406
180
421
302
485
215
54
168
139
446
500
299
485
3
157
135
2
138
454
142
175
321
216
245
472
490
89
143
303
354
368
482
387
284
132
196
364
148
1
318
300
141
236
99
429
42
211
212
425
437
497
85
370
341
496
324
371
91
141
444
370
326
211
18
430
63
397
290
153
205
197
304
482
290
181
339
301
386
30
267
459
147
235
210
368
79
346
387
94
462
241
240
122
115
366
13
93
90
489
370
117
311
98
186
490
200
155
298
438
138
135
63
196
388
308
367
43
356
201
210
295
110
34
32
121
100
25
25
3
300
220
427
10
216
390
456
466
312
53
500
95
418
317
262
301
449
3
153
497
311
31
428
305
211
240
98
353
178
107
12
360
298
122
161
278
416
19
430
324
1
188
408
484
203
126
346
276
18
293
176
17
333
262
39
189
306
226
159
221
64
261
20
436
123
34
15
52
494
198
247
83
80
20
268
237
180
111
429
431
449
458
216
347
397
122
130
385
442
241
411
390
258
471
191
112
483
481
411
384
282
402
445
67
224
84
263
478
394
352
177
377
36
193
297
151
496
69
380
371
496
449
294
138
277
377
23
499
451
99
243
86
165
105
382
440
82
102
52
484
368
424
423
67
203
111
187
49
137
125
367
230
316
357
456
7
225
222
377
120
339
403
117
123
78
273
48
402
397
403
41
254
215
133
288
291
77
400
130
350
416
239
185
314
380
354
289
188
184
443
437
1
54
326
147
145
242
174
217
262
153
470
340
440
62
80
54
111
151
431
78
84
446
158
132
351
338
244
393
97
61
8
16
42
208
108
158
262
392
305
367
131
199
393
74
454
53
368
294
462
120
385
