961
395
149
282
451
159
225
477
326
407
399
312
275
389
296
339
17
366
316
29
486
321
125
348
252
465
285
204
320
80
166
93
80
75
363
390
317
139
387
221
201
126
50
236
214
149
143
84
446
409
75
50
453
48
223
327
484
121
100
301
68
355
468
276
266
246
345
102
121
355
156
61
416
12
479
299
200
472
498
223
414
245
106
293
207
28
497
198
292
360
341
8
347
116
211
149
430
98
135
385
466
212
104
414
23
327
89
253
454
154
6
444
189
315
93
141
353
256
237
338
273
111
11
115
462
101
179
245
269
320
329
308
428
494
11
78
395
361
182
226
364
335
288
391
126
91
348
281
365
73
212
6
306
30
440
17
384
424
96
318
494
95
151
480
216
400
132
43
420
134
417
347
181
338
206
433
329
468
471
12
187
235
202
453
287
36
83
182
450
313
429
314
405
140
380
82
205
207
201
288
36
468
277
154
361
332
65
89
223
447
226
163
126
341
160
86
202
315
219
114
199
145
124
96
15
399
462
133
172
107
461
213
470
141
107
421
29
365
181
335
283
488
432
175
462
176
48
298
280
276
257
426
339
444
99
252
228
116
396
225
60
440
327
407
495
1
344
27
208
436
78
103
465
46
307
25
72
100
307
406
39
402
198
497
211
78
484
326
122
226
77
218
17
389
229
180
138
358
50
193
91
318
24
13
314
342
121
296
303
156
317
415
82
95
132
351
90
331
149
15
172
270
191
385
324
54
69
230
8
14
382
173
1
3
495
374
390
396
276
340
404
466
237
52
494
364
280
280
189
98
212
5
59
443
316
228
161
149
461
280
3
341
320
297
2
94
443
484
340
187
30
117
486
99
437
465
446
141
418
148
315
155
227
370
325
10
125
129
143
32
259
438
499
173
241
500
255
308
332
261
24
460
201
159
402
206
456
490
359
157
218
391
249
464
495
209
454
231
151
3
286
176
296
268
495
372
343
486
356
9
297
113
123
491
35
303
135
81
418
455
472
409
176
322
438
291
60
238
89
362
16
374
43
200
344
59
203
31
187
335
68
440
256
170
404
284
301
456
301
437
314
305
42
121
416
484
463
89
407
166
318
190
205
34
265
374
455
285
460
273
156
395
323
227
295
449
347
374
395
98
489
62
186
279
144
280
386
29
71
421
30
155
50
232
26
420
204
40
389
76
45
219
300
123
185
139
284
191
22
62
341
49
418
159
280
465
102
175
126
217
178
500
134
255
244
36
415
199
49
262
114
283
327
289
454
278
424
63
261
91
278
107
487
165
209
81
54
211
329
54
340
76
137
150
131
273
377
414
168
183
156
414
342
251
493
327
82
424
473
29
48
265
485
338
41
143
417
23
206
285
216
160
19
243
199
75
444
437
244
137
405
452
280
282
261
170
211
12
7
233
134
182
171
53
62
311
71
249
267
331
182
412
476
74
285
121
17
394
475
396
390
277
106
462
77
34
35
262
470
253
147
413
411
82
367
216
482
310
469
325
382
263
96
3
140
32
349
221
410
340
63
56
446
404
379
438
140
452
304
166
273
454
9
13
475
400
117
236
500
454
255
14
322
155
345
158
489
373
282
398
135
25
60
443
24
116
388
442
228
498
415
210
213
282
228
419
130
189
107
251
389
288
40
32
280
261
265
433
86
363
250
305
347
440
25
340
93
474
192
112
2
444
230
142
130
438
497
21
385
381
38
120
472
424
66
204
116
479
204
340
315
331
275
367
102
226
264
183
101
69
409
155
21
16
47
470
146
350
173
118
379
55
50
159
126
201
360
121
392
286
218
43
345
340
242
153
125
135
19
400
315
27
49
351
317
280
180
355
439
477
166
11
420
172
295
105
278
224
345
214
39
109
339
467
92
480
127
34
344
334
316
304
287
197
450
285
287
453
147
375
5
240
481
338
254
72
365
416
336
361
75
257
186
453
307
187
58
304
231
418
49
336
349
465
353
198
74
111
227
130
178
140
319
395
286
313
254
206
96
206
297
475
388
326
99
6
374
467
34
432
248
53
471
69
95
341
135
372
443
363
136
288
11
374
178
121
38
487
234
211
299
78
441
196
21
299
478
32
500
295
53
443
467
28
3
72
203
379
338
400
203
304
414
283
327
23
428
436
51
216
441
299
32
288
330
413
35
166
154
210
120
348
242
218
268
233
443
266
331
447
116
154
131
