474
365
35
420
89
484
340
355
260
295
390
398
59
349
474
409
281
237
276
478
321
128
328
14
441
29
387
188
147
324
450
75
150
177
283
452
410
372
492
367
111
120
436
423
364
236
449
132
238
325
327
297
4
150
94
41
432
358
189
114
267
475
202
477
302
351
494
419
204
297
149
228
144
318
262
100
246
397
180
14
276
232
56
393
118
461
185
166
358
147
405
299
490
393
49
345
36
315
371
55
189
496
92
2
32
120
445
500
94
125
26
47
139
32
291
19
65
181
82
275
111
123
153
180
266
370
168
308
198
258
99
128
143
7
269
436
156
213
380
459
424
249
283
67
279
259
377
386
335
2
200
405
291
168
301
225
408
306
402
178
113
287
449
367
40
444
295
356
334
476
211
79
344
436
112
57
392
328
477
43
13
456
320
471
241
154
306
433
52
369
32
342
82
430
441
32
109
490
186
499
167
238
171
454
286
426
377
113
150
183
272
462
312
380
461
39
15
371
139
497
230
336
469
141
111
475
184
147
11
133
395
256
195
20
7
213
310
495
73
249
164
152
225
450
34
449
239
282
408
301
324
445
30
286
62
259
489
362
302
231
192
470
5
357
471
263
484
211
336
295
364
87
60
20
121
241
76
375
475
259
459
147
170
496
400
139
326
492
176
220
166
69
497
363
36
451
449
166
453
301
144
479
119
132
436
294
259
400
194
210
156
440
382
32
269
171
184
351
409
51
376
132
272
173
362
286
445
298
170
277
15
171
302
110
69
267
370
170
492
226
236
346
403
142
399
271
496
218
13
254
432
261
37
406
329
122
315
282
284
269
42
208
321
165
42
216
382
294
144
496
419
241
178
212
271
97
480
165
47
184
185
181
110
361
47
234
364
457
244
199
344
189
20
152
344
462
455
237
395
354
55
112
264
270
52
74
217
380
31
404
367
78
283
71
132
204
74
68
458
482
361
457
281
458
38
327
267
203
155
381
344
242
72
46
428
365
286
274
400
484
205
166
219
440
286
472
49
486
189
13
206
33
274
317
188
355
199
375
398
60
452
197
400
128
173
15
470
377
399
223
76
281
362
53
383
73
