667
375
497
1
258
358
64
30
192
450
50
86
108
106
100
239
118
36
453
168
140
203
44
101
51
205
150
71
196
111
455
103
96
455
181
127
231
302
335
36
396
46
72
203
37
206
19
123
22
317
326
86
434
344
153
391
289
362
391
2
177
58
500
266
293
78
161
311
312
183
421
60
301
496
351
223
4
186
223
139
454
330
274
374
232
13
21
450
105
380
455
385
350
134
353
232
335
434
353
249
332
202
353
116
257
437
448
355
471
105
212
485
182
3
43
23
400
497
120
202
227
290
148
108
334
364
35
457
180
459
400
264
463
161
44
269
372
325
187
434
440
184
61
302
199
281
175
423
344
181
265
278
303
169
43
382
46
172
214
336
318
372
443
274
413
332
18
488
136
326
120
354
250
281
495
10
148
195
479
16
111
152
225
56
242
347
207
317
479
380
437
279
352
213
153
285
231
82
214
251
303
467
62
134
313
456
154
238
129
26
454
144
249
399
343
351
334
8
205
76
466
251
133
365
110
271
468
167
36
19
185
15
240
285
362
386
345
168
21
88
466
337
437
469
414
77
113
490
329
47
365
219
106
442
110
221
376
421
318
146
252
384
362
480
343
338
364
313
135
277
461
141
403
12
492
249
335
242
441
279
466
448
314
129
375
283
323
149
122
20
363
312
375
48
327
250
392
270
139
249
77
348
254
185
140
452
411
366
310
155
79
460
102
480
374
52
321
38
109
192
277
279
101
307
241
355
38
13
123
472
60
116
69
40
292
288
30
108
285
297
409
208
429
291
351
194
431
90
493
334
148
137
455
391
182
440
490
15
67
93
265
389
495
396
150
254
114
422
452
217
435
378
343
191
269
2
19
427
65
405
81
3
71
445
426
367
95
307
103
169
404
94
428
247
40
267
360
485
104
339
170
66
212
270
361
335
492
35
61
298
425
87
83
278
320
125
486
3
323
400
95
399
147
60
450
97
358
395
384
201
332
498
172
192
466
259
281
301
173
304
425
479
387
249
30
58
284
355
313
380
311
303
322
148
45
46
122
232
305
142
172
3
440
337
99
218
307
226
229
119
465
238
247
195
359
168
330
412
434
328
44
129
71
192
212
333
189
50
389
3
307
429
250
391
25
267
81
285
111
411
435
21
204
437
315
418
208
442
391
75
420
444
40
167
342
103
34
465
356
78
453
307
478
268
481
336
259
211
440
316
216
146
169
138
69
13
178
207
103
264
266
416
471
79
312
425
130
432
322
297
166
348
404
62
3
67
69
406
229
499
183
287
24
354
39
2
390
54
35
102
208
186
42
274
499
353
364
156
165
399
490
176
155
282
321
4
26
22
219
374
136
237
6
459
167
89
223
82
372
124
41
500
450
120
343
85
27
326
352
395
15
352
217
155
202
86
436
116
258
493
277
411
59
11
293
375
311
226
439
245
106
495
311
276
255
70
169
490
460
70
157
195
405
462
59
453
104
134
473
470
104
396
129
126
228
343
421
132
78
500
9
296
326
183
142
394
308
168
324
