938
271
214
268
12
291
454
211
323
131
318
298
315
103
491
379
57
98
360
327
343
121
207
370
391
422
457
294
62
111
207
319
312
227
491
191
332
334
6
8
54
400
456
91
48
3
370
292
197
40
355
18
152
296
156
252
430
268
280
480
282
117
198
76
158
441
34
455
168
117
151
444
231
8
446
422
310
65
55
150
500
372
460
426
383
406
350
433
323
476
202
258
72
481
84
374
357
444
474
184
2
88
272
197
206
347
464
272
388
45
111
78
27
80
310
498
474
128
144
258
414
208
485
278
54
71
320
353
415
144
148
346
259
116
465
44
155
309
192
268
280
423
385
499
199
190
137
295
336
59
178
103
211
159
126
109
97
444
146
419
433
218
255
92
71
328
379
460
382
431
145
419
260
368
10
298
294
297
414
488
356
18
145
339
46
365
491
198
349
414
355
470
371
448
200
187
314
468
481
215
479
479
304
77
10
2
437
123
185
337
208
167
168
13
253
335
111
166
148
374
94
147
291
170
281
156
18
239
376
40
24
42
237
135
288
46
256
371
367
422
372
51
292
30
110
8
29
491
422
10
27
77
164
66
276
449
75
269
217
307
85
468
275
472
202
78
378
205
400
242
319
334
179
17
105
425
500
387
249
202
390
114
267
431
99
283
492
229
489
251
402
260
477
364
286
35
313
96
64
351
352
304
97
68
290
389
220
82
396
491
10
361
485
300
401
403
147
99
135
199
155
406
381
418
100
65
198
253
137
49
198
391
465
467
254
60
481
86
412
339
299
114
191
124
301
466
136
74
31
232
148
310
261
343
360
444
477
290
363
182
68
66
298
383
372
297
197
9
155
172
321
452
489
242
457
446
296
43
73
476
257
396
100
243
159
8
218
151
342
287
24
108
320
186
91
261
375
348
315
112
274
479
60
23
186
314
23
477
16
304
22
448
232
454
1
246
220
423
496
463
402
420
101
77
275
181
163
73
291
366
83
97
461
180
105
334
87
423
121
394
103
359
155
15
143
494
490
259
482
411
140
219
340
313
139
169
99
199
306
284
144
247
493
187
395
285
367
246
130
151
268
412
55
358
347
313
120
292
413
253
72
368
30
336
122
11
161
462
357
424
444
203
434
377
54
335
118
76
194
34
463
272
67
469
465
56
338
357
33
80
242
233
441
263
445
450
346
477
47
26
206
380
206
319
173
334
94
61
260
440
298
123
212
245
371
38
286
477
341
44
232
243
161
430
170
134
333
236
161
167
158
429
124
164
84
471
45
112
492
344
83
337
97
13
280
486
316
319
328
21
467
186
39
424
176
110
164
363
43
92
388
189
174
309
488
175
41
141
477
433
376
197
437
300
404
155
207
63
356
43
228
125
193
206
23
419
72
494
221
97
358
451
393
143
22
224
498
421
405
425
411
436
195
360
35
127
437
79
81
304
465
439
18
295
234
373
192
212
459
377
466
128
463
472
449
14
486
71
214
410
173
337
226
486
412
141
145
32
116
227
429
422
399
499
54
381
402
407
30
12
193
277
348
249
209
385
340
44
99
205
288
295
44
231
45
133
44
271
432
226
491
423
293
120
233
210
284
34
214
104
70
213
180
479
209
126
117
71
326
131
408
248
464
262
351
148
202
83
158
87
150
493
285
104
383
290
59
361
247
478
122
175
210
133
115
495
254
197
374
58
375
126
318
349
381
73
93
203
3
299
338
80
416
225
116
354
193
244
254
164
149
278
405
213
434
347
239
405
475
5
300
253
467
337
444
123
5
291
439
430
270
397
221
79
438
387
76
405
153
250
477
434
481
32
119
421
364
279
351
248
28
166
188
409
290
493
258
248
123
356
456
7
261
217
495
372
16
442
353
332
209
33
477
180
362
414
381
153
399
149
492
328
392
332
426
462
472
313
481
365
418
208
148
190
249
19
326
315
41
265
72
128
475
271
481
442
6
471
278
138
415
294
260
483
409
264
372
459
421
168
153
146
168
396
188
188
411
20
9
187
71
3
293
165
116
298
38
23
483
251
334
259
228
41
339
275
242
24
21
329
252
120
292
258
471
39
380
285
5
123
45
337
181
369
207
426
468
437
479
457
227
410
402
6
165
406
124
301
219
250
298
380
59
221
277
402
57
61
230
449
