497
346
228
354
373
140
312
228
265
209
455
351
150
306
456
168
7
390
429
54
413
495
285
281
85
265
286
429
358
180
393
496
193
393
135
278
469
64
159
71
37
490
201
345
223
96
118
162
129
20
373
485
66
377
185
208
86
277
83
198
127
174
225
342
454
351
166
374
305
408
397
45
19
149
308
246
22
48
323
441
276
470
24
64
347
97
446
227
277
403
110
465
330
265
42
461
109
411
424
419
238
368
344
414
390
268
220
102
388
1
369
402
245
253
439
260
157
450
221
137
116
127
342
123
4
310
355
401
154
371
184
35
479
367
413
246
187
305
285
147
248
24
446
208
463
260
147
191
483
26
487
41
30
351
70
286
200
429
499
246
252
484
200
108
489
398
413
182
156
333
131
75
278
289
72
363
63
32
159
471
26
146
42
349
80
121
223
224
255
202
172
421
467
309
2
173
243
145
438
200
173
107
326
300
475
123
353
211
308
221
226
95
73
430
83
113
457
330
278
159
288
44
428
385
32
359
295
26
73
323
249
50
317
192
450
124
118
155
27
132
399
127
40
52
429
189
398
347
94
285
149
309
472
64
148
242
347
454
27
311
292
181
394
123
300
104
290
106
4
45
420
347
435
161
37
16
217
72
99
213
18
407
497
274
262
402
340
328
478
366
391
469
31
463
317
347
3
202
344
191
248
181
185
415
452
152
396
121
310
151
426
442
194
264
190
144
166
461
373
355
163
210
17
322
207
373
54
187
241
227
119
313
483
446
138
396
387
271
7
149
399
65
479
302
253
303
340
165
441
410
437
340
270
251
50
384
251
450
1
249
463
335
330
98
392
25
115
262
307
107
232
110
460
219
414
365
263
354
267
303
198
145
317
369
370
364
110
158
416
427
377
375
284
294
171
321
443
61
384
253
253
128
181
236
486
209
50
347
425
355
303
484
30
93
461
372
435
343
257
69
237
335
264
316
293
483
308
18
389
500
1
414
128
146
400
141
288
466
497
233
106
162
452
284
80
179
337
44
338
90
62
227
35
436
137
56
137
199
154
109
266
279
150
395
309
156
219
166
195
115
258
309
343
12
230
269
313
91
345
190
387
121
307
470
145
288
491
224
472
117
62
274
197
69
143
422
267
267
136
