479
82
357
351
438
499
17
256
413
101
309
198
285
158
28
73
461
107
261
491
47
268
340
498
399
221
362
48
69
478
255
313
87
345
451
70
394
93
356
343
485
439
37
230
82
172
258
350
500
455
440
246
234
80
108
282
421
341
271
435
39
285
413
51
71
444
413
435
29
20
472
207
210
80
312
102
352
425
190
406
338
26
428
399
498
444
217
356
136
391
279
11
66
315
97
51
110
413
20
466
182
72
255
372
41
147
138
67
306
278
348
53
472
63
141
82
342
403
469
359
428
81
146
22
138
328
467
431
52
205
24
371
441
3
422
398
97
370
336
332
245
354
188
408
65
424
166
80
11
223
261
38
350
199
143
406
330
46
435
306
378
383
153
11
251
95
317
418
362
166
396
96
252
274
186
425
218
378
373
132
307
205
81
448
121
450
288
286
466
487
344
168
40
392
111
237
303
128
108
171
293
27
287
178
428
422
214
98
198
80
68
166
82
376
81
210
398
186
35
242
459
167
96
82
353
324
346
89
74
184
323
397
478
360
488
383
192
446
235
258
138
24
37
66
471
298
165
253
468
103
86
310
469
368
450
146
69
383
246
295
359
33
118
248
404
186
421
208
480
489
307
309
141
159
74
404
394
257
437
346
288
80
115
447
206
96
25
302
341
456
211
271
203
480
437
108
31
441
249
106
13
460
113
496
211
9
416
208
288
341
289
96
17
306
7
296
169
392
35
61
24
240
349
122
469
128
156
5
148
172
112
448
99
31
160
97
485
245
43
195
444
367
473
379
179
421
158
261
403
59
319
7
338
347
11
442
305
42
439
468
50
272
357
330
257
101
318
466
302
420
412
268
135
415
100
179
467
408
404
362
242
398
272
28
440
304
491
213
144
50
345
168
398
353
114
500
95
139
45
294
135
234
185
287
416
329
412
53
45
400
94
343
302
473
419
85
154
484
92
406
470
12
492
277
251
334
414
466
6
305
198
77
391
498
39
300
432
448
204
91
403
177
14
173
482
344
145
245
471
139
325
182
13
247
390
343
337
284
68
121
433
58
422
419
147
173
90
311
342
146
399
263
8
363
464
238
234
334
424
75
15
