272
317
390
421
91
90
58
203
387
338
321
407
277
299
150
141
142
78
15
212
488
325
226
315
36
200
260
179
315
114
91
120
172
192
222
66
91
342
364
196
263
353
45
218
289
98
40
174
447
308
68
268
84
343
498
171
425
41
428
172
137
470
407
466
216
287
226
355
500
304
340
412
381
332
300
55
134
433
387
188
209
185
302
209
355
19
145
142
83
482
246
212
303
470
139
266
286
276
91
1
92
95
392
272
326
409
268
462
349
52
147
71
96
104
400
58
210
268
412
500
37
28
439
2
100
274
397
179
68
312
263
267
408
429
299
95
330
459
54
304
37
295
277
416
423
243
1
319
52
368
77
150
225
392
490
298
378
401
56
461
202
256
76
202
251
376
377
137
5
298
219
229
263
325
375
482
351
449
203
49
319
185
30
163
200
296
70
141
450
465
101
73
174
478
85
369
422
370
282
287
110
21
46
168
123
204
311
430
456
313
22
355
441
449
426
280
394
137
41
354
160
437
86
179
382
291
303
152
217
397
243
369
18
166
203
105
208
315
60
87
426
405
428
362
346
478
297
140
386
359
182
45
347
112
373
1
71
19
160
184
464
378
23
374
17
475
118
41
340
401
366
449
96
499
