924
187
344
402
328
106
478
158
81
60
217
294
78
459
360
276
120
231
295
266
284
454
163
221
447
85
38
303
52
125
111
316
282
264
104
222
150
369
461
465
416
442
484
296
37
452
453
252
229
433
362
461
398
293
304
315
255
114
456
55
370
380
36
14
475
380
249
27
265
369
321
454
223
336
250
16
72
500
197
162
252
293
87
377
244
113
401
335
251
36
449
365
483
31
96
249
490
198
292
167
170
155
206
471
338
467
444
90
81
152
51
304
485
135
498
276
472
466
195
150
267
81
150
433
131
209
119
193
235
363
241
319
199
210
179
335
90
38
98
14
110
87
52
491
180
264
351
15
105
269
305
300
288
232
419
319
358
143
385
457
38
142
368
323
298
186
417
73
189
74
168
180
470
385
152
439
277
36
165
346
204
373
232
301
57
287
344
443
280
32
249
203
220
284
172
39
178
404
243
191
341
382
177
36
349
295
146
144
441
162
225
78
167
298
124
413
237
62
80
281
86
209
216
226
252
88
222
260
159
83
95
472
169
322
342
390
203
269
248
310
487
298
311
413
468
234
205
372
147
157
12
473
303
405
205
369
61
406
45
64
97
344
323
103
253
3
215
141
96
354
279
117
455
189
234
112
382
498
418
390
128
262
251
215
494
57
213
185
34
375
202
428
421
242
391
285
361
352
308
319
361
70
482
489
73
130
304
62
257
384
284
155
409
42
479
98
66
232
420
435
8
415
481
151
434
2
144
195
450
350
396
43
472
70
439
290
257
165
54
13
281
47
203
295
175
487
102
4
260
202
350
121
244
461
470
127
440
15
39
483
467
492
251
24
175
209
383
164
148
159
323
268
179
80
490
486
65
136
256
475
90
104
210
224
459
305
216
143
119
305
481
278
244
59
179
68
285
439
194
158
268
28
441
63
282
474
306
343
407
10
147
381
442
10
17
432
56
452
336
311
151
333
189
416
337
150
246
105
459
186
363
370
171
167
5
154
457
158
227
424
485
253
205
180
242
158
239
445
163
261
138
334
128
459
293
13
258
113
249
429
423
271
263
66
24
60
70
424
182
191
208
63
271
219
90
462
485
459
419
404
60
304
497
46
143
246
73
89
171
349
247
118
479
420
414
296
256
244
261
387
469
69
51
74
426
86
32
369
276
218
54
190
251
278
482
101
395
390
155
444
269
346
334
185
194
24
447
46
445
234
198
145
400
225
237
207
65
350
449
210
217
181
448
434
429
127
497
17
120
487
77
86
323
302
328
198
280
412
179
14
397
135
229
360
169
455
365
460
491
254
97
349
58
224
88
435
240
310
137
168
162
71
260
499
169
8
81
318
485
43
2
174
67
334
233
354
3
490
141
71
467
326
158
10
313
158
343
273
254
107
31
24
401
107
467
143
259
265
442
331
362
314
455
443
171
4
355
276
202
498
458
221
438
415
146
45
341
195
157
4
494
83
71
411
326
161
148
453
2
199
23
386
69
288
227
481
309
63
467
367
138
48
15
334
41
385
2
94
67
252
194
355
209
353
145
18
460
37
360
343
28
182
164
455
72
162
118
157
305
58
472
225
291
339
466
347
369
418
269
229
260
340
425
104
65
50
172
125
399
401
46
236
159
173
272
369
370
67
76
313
440
475
39
311
374
275
73
366
469
449
149
78
457
212
239
197
152
89
301
336
347
360
24
459
134
344
448
54
107
339
196
306
413
426
64
445
277
429
444
244
41
459
443
361
300
215
171
328
281
206
175
383
276
416
495
122
149
260
92
329
428
143
151
432
148
4
474
3
126
5
408
76
277
254
150
194
7
134
370
199
488
154
276
126
35
9
75
39
125
429
100
302
83
114
332
230
221
388
194
25
420
374
65
400
58
118
296
480
366
456
364
420
193
236
238
481
238
479
455
39
400
445
131
476
130
289
405
450
200
471
180
339
196
344
3
31
182
190
174
289
431
301
61
377
309
5
265
492
343
67
12
123
4
459
341
181
196
139
288
351
74
268
116
168
60
392
349
225
175
90
304
11
171
422
16
167
166
136
58
27
145
449
234
33
152
364
384
139
249
269
173
365
285
311
181
330
230
125
452
482
480
27
5
132
287
42
