595
422
151
112
121
387
231
480
95
442
242
213
404
63
476
129
176
187
59
482
256
202
41
80
37
120
329
316
293
293
246
67
47
396
491
461
48
490
41
400
154
426
225
419
16
8
378
187
35
397
122
188
495
56
61
401
386
412
58
477
241
241
420
473
380
158
62
490
41
30
207
331
227
316
114
479
453
40
149
375
19
471
77
142
290
117
347
89
53
470
468
150
286
244
134
253
185
62
475
379
435
116
396
434
67
271
361
57
229
280
54
241
44
252
260
265
372
19
104
121
428
56
125
352
457
103
378
190
167
405
59
93
92
180
80
73
2
231
106
102
349
405
463
36
405
292
231
296
434
27
341
212
81
483
281
193
277
175
104
237
481
263
67
112
373
318
303
242
276
343
213
309
88
217
18
144
47
386
471
491
3
497
137
443
465
467
374
28
232
210
138
477
128
384
476
234
133
414
217
376
48
465
467
463
212
381
198
386
257
40
147
427
301
144
180
61
375
272
70
266
140
249
149
431
220
64
217
45
29
248
475
304
322
428
338
131
254
153
323
214
276
268
419
428
114
278
158
482
256
334
183
99
13
496
342
286
285
271
106
145
177
387
372
297
216
307
60
397
277
381
250
50
420
296
367
405
423
298
135
59
468
101
255
37
165
479
492
130
462
181
451
453
457
101
204
252
28
155
212
130
307
5
441
148
385
286
491
250
275
232
248
275
215
461
13
343
134
86
447
488
40
286
17
138
280
409
411
275
171
233
402
250
166
129
398
268
50
184
16
444
179
199
400
319
116
314
374
94
493
29
396
15
455
446
486
455
323
262
433
334
169
311
391
495
406
109
192
265
372
140
120
482
175
413
370
242
368
267
208
120
309
184
329
36
218
69
232
408
222
402
355
99
193
334
393
88
113
500
3
432
223
15
405
412
66
444
477
33
119
174
345
105
183
446
312
78
258
38
82
322
412
463
491
145
64
294
314
102
132
148
279
496
354
181
158
68
153
190
374
115
92
326
264
444
407
145
212
302
187
411
88
36
326
407
303
442
482
87
281
327
274
24
344
317
398
218
392
63
232
209
22
44
428
26
437
121
341
128
5
267
388
22
223
443
160
52
286
434
258
389
74
139
146
423
291
424
99
414
305
299
399
350
222
313
415
56
24
405
108
174
203
238
234
417
377
218
337
347
277
125
85
316
198
197
119
307
319
280
117
301
19
227
209
90
77
313
416
402
338
347
293
353
158
110
173
114
168
90
82
297
414
296
303
228
343
213
293
154
432
482
491
155
145
84
483
263
263
373
212
30
449
284
279
127
295
215
301
111
167
302
115
32
143
323
399
229
391
148
34
342
438
329
106
460
447
389
109
