282
334
446
36
391
458
488
493
301
449
237
204
68
6
158
184
396
260
296
416
75
75
151
26
412
405
57
386
490
167
187
224
176
105
193
248
443
87
357
313
134
118
462
199
285
348
461
62
84
481
176
283
186
174
471
237
73
124
126
248
148
178
244
280
95
408
320
104
343
282
498
217
65
243
21
489
267
358
166
145
92
250
293
102
89
31
110
148
228
175
309
107
108
361
51
389
119
93
212
380
254
151
429
73
450
170
258
217
439
40
237
74
93
138
25
157
79
85
320
14
442
436
330
2
346
364
27
428
439
185
207
173
301
429
440
183
26
110
205
348
257
258
244
389
335
425
174
89
413
370
229
420
390
293
66
19
30
499
91
136
468
453
103
130
408
250
426
254
141
323
119
93
404
467
64
64
285
367
494
18
378
44
466
152
94
343
383
298
359
402
41
421
390
175
151
380
495
264
355
119
23
9
442
484
97
217
110
478
220
463
467
383
64
361
301
401
256
390
35
496
298
68
477
128
376
304
255
406
13
57
463
88
83
379
308
70
12
219
401
404
100
423
225
408
481
127
276
57
424
286
33
52
307
51
69
1
139
72
43
172
107
231
131
369
274
87
268
451
393
436
29
56
460
198
354
370
477
84
270
144
296
19
41
458
