969
241
10
281
9
139
480
49
404
230
206
115
162
126
299
389
7
67
361
461
476
420
301
185
189
41
184
304
393
218
438
241
282
31
495
352
470
190
398
347
306
259
462
34
444
85
372
135
327
74
482
260
34
340
489
258
450
127
492
97
55
397
132
413
300
66
227
200
179
128
339
130
435
147
4
328
120
86
337
136
436
466
323
192
367
267
448
189
253
450
493
207
15
313
358
17
442
473
42
74
267
446
175
386
54
4
79
259
114
276
231
259
445
378
120
34
340
313
454
300
473
248
452
268
80
47
246
103
84
396
42
82
365
339
121
43
383
497
200
141
188
240
469
82
226
35
68
190
423
490
430
160
176
345
361
81
238
150
265
4
58
300
321
424
215
403
41
4
62
303
375
223
448
461
81
156
72
372
432
424
126
480
413
10
346
276
476
271
441
307
270
64
385
201
240
428
129
135
449
419
187
389
375
6
300
55
276
276
229
182
436
324
259
360
355
368
189
433
352
320
285
369
27
263
272
361
422
478
221
466
431
411
79
36
470
420
226
111
113
484
135
272
67
374
12
416
320
231
335
493
238
37
171
89
417
361
383
135
488
354
181
497
28
43
440
278
458
222
277
348
294
491
413
234
346
382
109
27
19
35
134
147
182
358
301
422
200
130
70
120
90
392
267
459
391
429
236
235
367
492
346
155
404
20
375
445
289
247
76
314
9
460
360
104
227
311
453
188
283
246
141
470
108
323
313
289
18
315
314
274
490
474
359
51
407
40
326
100
407
499
283
493
297
198
8
427
183
52
242
144
455
129
324
121
185
205
223
54
87
266
282
315
419
200
318
297
378
228
220
376
477
489
436
18
200
344
227
429
119
293
89
481
116
479
72
328
498
221
471
258
122
251
401
331
170
330
330
248
346
198
203
304
39
196
281
176
218
276
155
437
106
373
484
292
313
168
256
95
183
110
106
306
64
284
385
309
362
151
39
197
379
347
178
165
396
426
133
488
463
345
86
367
206
494
225
300
243
43
240
247
443
10
481
269
465
18
140
290
308
9
429
103
496
279
397
290
82
341
417
344
426
110
303
152
248
179
483
202
446
234
4
355
443
147
19
388
25
421
25
97
352
107
21
362
62
74
140
295
426
2
91
68
248
109
242
8
359
79
198
289
377
272
56
80
379
74
252
70
287
133
88
375
333
276
209
467
125
288
340
81
491
490
189
383
449
120
295
201
360
440
382
94
373
200
57
97
442
240
480
124
248
38
334
247
124
442
159
417
41
453
151
368
331
315
82
449
160
365
79
286
371
328
155
244
382
75
122
135
89
147
112
257
212
496
221
425
57
119
142
273
349
77
383
122
71
278
178
327
430
342
360
96
8
477
406
71
268
358
287
169
40
196
358
149
166
343
95
370
31
417
466
102
202
144
335
134
259
307
261
476
151
493
400
21
382
405
398
308
238
55
312
263
242
343
4
345
212
123
327
397
175
70
48
336
167
114
495
205
278
190
115
61
363
232
378
197
406
30
163
354
417
79
413
266
212
172
405
57
327
159
173
35
345
139
338
344
157
423
4
425
473
75
401
109
21
220
394
115
452
90
341
278
272
390
227
6
390
127
490
432
410
181
113
399
465
80
130
358
232
250
492
470
452
166
314
352
426
93
41
15
423
454
376
315
456
121
76
433
52
476
257
250
431
464
316
122
418
138
19
349
332
217
13
263
354
295
158
423
25
195
61
154
452
46
285
334
233
414
278
250
201
383
244
264
279
455
405
155
389
219
209
153
44
222
342
12
280
190
273
122
379
346
460
143
239
454
423
406
211
122
264
170
70
300
129
53
489
347
423
431
21
288
440
275
301
71
175
478
398
99
339
148
464
378
357
75
443
322
182
235
449
73
262
231
458
342
362
205
211
309
140
468
492
169
257
154
451
382
397
205
103
166
341
137
368
63
364
361
221
386
26
230
316
338
349
21
359
183
194
137
202
251
12
341
240
314
79
131
489
412
346
55
20
394
334
358
58
417
282
198
29
278
27
162
400
199
360
375
331
354
486
237
409
63
413
100
469
498
94
445
256
198
88
374
341
113
214
14
151
164
365
297
319
222
61
8
328
411
318
449
394
282
168
292
118
303
445
153
344
359
98
272
472
18
106
94
217
277
413
245
142
39
23
422
38
497
41
143
413
474
401
416
370
185
210
258
34
80
127
389
365
