628
122
267
83
200
3
367
479
295
277
397
463
432
461
125
162
154
364
27
500
256
242
451
253
212
44
99
265
68
445
310
335
68
345
135
414
209
260
441
70
85
169
461
492
186
274
40
63
23
36
284
65
85
127
436
184
63
167
340
179
328
13
232
132
10
431
112
259
398
183
475
472
319
342
144
184
206
24
345
438
415
79
139
420
477
99
166
208
26
456
80
399
379
339
131
156
41
358
442
346
140
50
130
363
188
441
282
348
417
327
80
412
164
115
22
260
95
190
63
45
156
424
459
356
352
141
356
190
14
496
246
338
115
183
21
203
381
6
284
227
195
311
170
465
138
194
207
450
441
176
437
197
274
369
117
340
28
420
212
107
312
275
446
31
187
276
184
3
386
170
92
429
491
44
262
56
203
426
2
253
436
41
319
151
500
220
338
347
67
349
422
490
49
249
4
426
295
67
147
59
150
387
260
303
406
338
192
465
253
277
321
406
379
245
197
244
413
265
406
6
276
378
166
48
99
68
487
191
100
273
90
452
422
278
143
61
420
248
216
257
145
344
118
204
451
223
480
334
394
384
250
112
76
168
80
468
370
470
35
356
301
50
418
314
178
483
169
313
428
272
82
279
302
279
183
219
444
157
298
293
283
317
65
397
35
51
220
490
500
56
325
427
320
66
221
291
158
74
71
378
172
417
190
432
109
131
382
352
66
165
205
312
451
128
119
226
333
175
367
407
387
54
139
272
114
197
281
86
97
142
419
237
37
398
165
131
250
2
382
474
136
113
208
135
303
9
20
167
297
92
488
294
463
248
299
462
98
63
65
216
300
213
359
473
294
141
318
344
101
161
192
322
355
375
3
487
203
11
216
418
404
134
471
12
390
282
232
201
62
224
33
415
494
366
70
171
321
80
149
92
373
396
354
103
71
1
11
180
314
280
156
82
241
73
428
472
358
196
170
398
143
484
262
39
477
273
376
17
183
128
346
410
239
426
290
390
243
281
34
308
29
283
431
228
278
157
159
103
20
86
381
325
125
159
87
423
3
1
334
131
20
138
90
155
135
29
187
190
248
20
406
486
4
115
168
63
360
414
153
152
363
408
278
457
439
5
31
491
396
408
142
300
155
204
443
163
260
72
341
411
74
195
74
375
426
466
338
420
254
7
352
115
68
477
3
170
398
485
272
148
441
280
270
212
257
435
195
392
79
319
84
166
320
292
478
461
481
150
174
341
66
418
390
309
347
471
346
240
194
113
246
117
454
427
25
492
142
111
89
16
283
357
357
431
271
8
14
208
310
309
289
34
321
298
354
101
175
389
398
380
363
35
271
443
479
319
287
431
273
24
289
27
134
100
366
349
287
283
463
167
396
441
368
106
119
42
253
340
258
90
20
470
160
181
393
149
92
253
8
185
459
174
416
468
82
123
465
36
411
33
