513
393
153
478
281
305
250
240
82
349
89
368
267
233
444
231
149
410
488
40
232
401
17
356
329
210
234
2
400
72
244
90
137
153
391
226
29
118
349
318
57
144
316
459
121
436
241
494
127
111
391
194
151
458
251
96
394
241
474
18
169
107
203
197
222
109
313
320
445
269
87
124
257
456
203
90
187
208
13
175
498
400
435
330
343
270
489
243
414
13
105
426
45
375
117
223
254
344
369
171
111
260
446
99
500
307
485
449
363
121
315
431
263
41
453
23
443
57
367
283
306
76
364
497
99
51
81
251
406
268
42
56
448
66
326
235
67
39
238
158
1
223
87
469
114
353
151
249
200
16
49
180
482
68
361
440
392
325
451
113
425
148
424
186
31
102
45
270
270
89
74
476
263
306
297
50
274
54
239
457
10
353
84
485
422
490
14
362
24
323
271
462
281
343
411
405
310
66
185
34
220
22
213
360
491
370
297
449
500
183
299
458
381
449
474
266
297
203
310
271
278
419
470
465
211
343
471
30
118
324
208
335
455
492
411
404
177
391
164
458
240
103
185
465
236
463
217
376
80
157
41
380
51
227
234
75
447
190
413
473
166
25
304
336
76
480
497
136
123
357
160
226
9
343
125
429
76
229
192
218
239
129
339
264
155
304
173
63
484
326
348
117
83
490
348
181
186
94
406
215
79
428
471
112
321
256
381
131
352
90
236
481
5
291
141
436
245
451
82
217
351
13
192
478
341
317
405
103
379
302
110
273
178
276
41
333
413
248
291
54
93
134
175
404
339
407
221
111
126
210
481
110
35
144
433
241
292
315
261
82
16
396
385
39
127
280
428
120
60
428
29
118
11
120
491
244
232
333
429
333
482
66
43
366
94
435
435
25
471
232
126
148
220
296
384
212
319
334
453
454
64
388
309
108
394
90
118
307
442
17
380
387
377
247
198
159
274
462
63
82
223
96
163
156
112
14
293
125
26
268
89
170
190
188
182
243
445
22
450
188
487
267
102
189
22
225
228
184
391
161
287
333
343
143
456
435
344
154
374
9
364
392
31
352
465
408
309
180
17
142
30
29
348
18
355
322
10
180
476
415
223
60
385
402
473
317
81
175
28
179
190
69
400
256
163
369
219
488
80
474
306
148
163
258
72
264
8
38
276
268
366
380
344
279
205
