273
4
396
384
116
182
70
385
326
287
325
234
221
160
247
431
317
203
158
301
497
471
225
53
81
259
406
231
216
204
6
8
194
94
215
84
77
355
122
225
205
105
209
331
422
225
423
349
108
260
338
128
324
173
385
418
192
420
421
246
261
325
61
249
285
460
377
189
208
132
76
316
211
11
342
270
381
119
151
391
77
310
401
436
180
327
103
322
307
256
357
411
129
59
408
11
433
372
167
173
39
100
84
311
276
359
311
68
151
379
327
39
274
408
154
160
104
456
327
185
137
98
442
391
263
459
123
463
391
207
75
166
386
417
426
128
233
422
486
231
495
37
439
76
154
28
43
460
456
45
400
463
134
392
380
269
355
305
142
307
346
228
374
55
117
196
170
297
349
83
173
189
33
121
335
163
371
484
326
380
345
110
188
452
383
228
119
49
114
372
225
89
118
341
472
381
153
356
315
381
256
375
158
57
402
190
259
458
213
240
169
456
234
430
254
21
367
78
47
263
103
5
296
388
500
67
92
370
162
271
187
52
327
210
235
176
254
69
243
231
136
410
14
145
300
14
182
377
239
27
64
23
366
240
299
393
148
342
132
244
399
350
165
18
30
380
141
304
60
41
215
89
69
216
14
