589
363
113
486
465
395
185
85
165
440
266
161
97
336
438
174
86
203
126
160
401
194
29
434
310
412
241
259
164
375
393
375
406
70
462
88
309
374
84
91
449
492
71
241
125
350
308
383
385
65
226
344
79
462
30
42
261
144
408
331
425
397
87
420
471
280
447
356
19
209
141
454
221
67
152
448
305
86
25
343
354
109
232
198
407
66
76
346
389
404
77
184
118
453
24
309
151
459
251
35
442
392
399
262
427
377
49
168
52
240
421
454
27
385
296
91
408
482
96
137
389
426
49
245
254
34
37
25
417
495
333
420
83
79
170
4
49
110
491
337
11
403
168
321
314
154
258
443
139
10
357
368
375
351
14
459
110
30
100
257
355
287
378
55
50
17
178
372
291
430
196
478
322
225
206
180
7
153
343
225
188
41
199
433
301
332
150
357
226
420
191
324
194
177
256
37
375
12
380
188
435
476
38
59
425
213
352
434
11
128
301
461
102
97
266
356
307
495
327
452
406
239
394
215
317
284
29
50
389
263
107
215
407
98
344
173
487
270
456
155
414
36
306
387
498
289
42
132
111
213
332
343
181
420
363
85
446
399
444
489
457
330
226
110
15
155
398
159
441
89
212
352
380
41
413
133
184
357
315
353
379
298
410
146
384
256
327
258
258
60
205
338
402
328
484
203
485
214
173
178
447
491
115
164
488
319
474
268
267
328
214
48
356
306
259
494
74
93
51
459
469
314
472
366
81
3
122
490
115
53
59
369
500
422
2
400
467
218
226
490
352
164
402
448
433
37
37
375
76
408
174
80
246
148
94
124
78
457
225
134
122
190
210
461
21
387
243
35
121
366
323
475
39
343
419
150
383
463
51
255
210
38
104
447
370
259
337
181
45
388
254
431
101
158
161
233
230
286
88
481
438
367
451
450
227
10
305
417
126
104
101
157
96
409
89
23
269
124
463
192
93
82
400
150
297
394
172
445
343
76
284
15
17
497
177
195
277
134
208
218
462
419
407
382
313
310
450
201
215
389
151
61
367
456
499
422
298
112
191
214
107
339
223
153
338
311
25
43
81
41
385
152
302
78
145
324
206
353
345
47
127
251
269
245
471
483
155
316
108
237
87
136
231
20
297
237
299
75
475
305
27
152
323
219
475
260
180
87
419
278
240
257
110
42
374
252
344
297
348
299
342
437
487
393
490
386
42
354
370
296
428
417
34
247
422
392
152
352
63
362
323
185
134
230
307
142
12
105
351
323
59
276
33
320
403
188
353
335
227
181
208
421
274
260
483
467
82
238
423
220
302
125
19
229
135
498
83
371
117
380
460
381
410
282
288
6
71
234
88
354
31
