609
334
63
450
343
115
332
499
488
324
238
33
36
27
135
10
479
266
122
46
289
447
168
60
94
258
236
318
482
125
180
259
193
188
6
290
495
385
392
186
365
158
307
356
116
73
103
183
471
427
185
153
419
308
397
322
438
38
196
208
170
312
256
283
275
15
286
266
252
6
453
354
174
454
365
51
411
71
362
190
136
465
220
93
62
427
231
285
346
208
248
342
198
300
71
373
370
73
95
297
150
310
126
406
419
256
41
461
233
346
251
269
204
86
109
215
309
125
277
129
381
108
23
379
316
285
40
425
223
179
233
196
105
176
52
263
27
468
40
331
237
199
66
205
201
288
35
34
401
270
136
49
176
438
29
415
389
439
71
388
110
314
1
413
412
390
21
164
263
354
371
340
461
136
95
340
383
229
254
3
457
367
58
61
91
258
310
483
392
373
296
225
267
12
342
136
16
247
247
134
119
2
113
372
122
446
242
65
272
90
326
205
246
466
253
430
482
220
250
14
218
213
232
221
497
170
236
379
240
18
432
212
314
396
186
140
287
89
440
253
150
483
152
429
380
328
384
239
236
336
2
305
103
57
117
407
333
312
467
169
22
453
470
258
137
76
314
328
130
269
4
400
65
308
435
94
119
421
71
357
238
478
361
391
467
483
149
403
70
286
159
355
444
6
172
417
336
478
293
19
12
434
206
444
295
129
219
56
138
225
354
435
367
110
159
173
341
273
443
310
2
32
277
496
238
379
75
80
422
93
492
465
136
472
42
183
414
334
84
36
458
391
230
409
268
287
32
254
102
457
340
83
414
386
87
313
481
246
133
228
172
43
82
319
88
283
428
197
227
367
254
262
479
121
381
36
385
427
456
102
309
37
98
159
165
8
395
432
165
28
28
124
394
38
342
436
402
242
469
81
33
336
418
288
16
18
449
52
86
304
248
390
404
494
203
294
301
382
112
145
394
317
91
281
124
420
91
36
386
399
259
216
201
440
174
109
498
466
261
47
342
20
490
189
169
248
289
26
171
387
490
411
420
486
146
66
429
351
482
8
70
349
280
301
23
205
160
150
465
288
333
364
50
69
108
240
36
267
218
181
351
497
50
358
374
345
169
59
70
89
476
212
92
395
3
52
127
282
47
241
140
322
174
392
406
273
401
182
355
191
306
135
180
6
151
283
36
487
397
197
178
248
106
103
436
15
321
238
332
146
151
378
361
110
174
42
101
274
402
92
84
136
55
47
299
108
492
345
264
408
181
164
274
341
11
73
272
499
80
142
27
403
289
224
305
406
183
307
128
381
285
445
27
230
391
93
272
317
79
213
364
383
364
195
482
169
331
451
378
44
318
137
327
15
151
75
71
472
40
165
403
458
496
386
442
77
192
38
267
243
488
