644
241
53
411
135
1
184
423
1
133
309
366
161
69
101
68
100
369
187
280
51
495
136
117
364
465
40
497
50
105
48
350
269
161
418
162
129
265
282
480
170
24
294
424
140
422
103
272
275
248
364
313
124
97
35
407
351
398
38
247
368
343
3
410
41
220
225
226
352
284
222
321
237
461
497
105
423
496
5
202
114
142
480
202
208
37
105
345
7
101
288
276
98
106
254
123
453
39
263
283
114
496
243
474
245
300
324
389
50
210
223
321
448
487
298
464
186
220
404
407
261
129
486
17
45
53
312
19
175
101
40
489
375
467
190
327
310
296
296
196
285
500
364
187
181
352
267
396
130
297
257
161
148
439
246
412
395
433
186
217
345
327
371
244
85
241
367
360
316
373
313
421
45
123
105
483
289
473
142
232
337
241
448
231
471
154
290
78
330
205
452
160
242
268
257
156
81
449
342
412
60
356
458
242
469
315
118
216
321
289
365
453
254
40
328
172
413
102
222
180
449
186
377
190
218
181
77
40
424
472
178
417
301
272
124
6
153
398
338
256
360
336
486
15
284
232
210
62
187
208
64
284
308
207
262
469
125
489
289
494
397
472
240
166
478
14
155
36
113
483
162
329
366
391
205
351
57
411
438
372
82
100
178
7
419
116
439
22
228
480
67
52
204
204
83
310
497
177
471
170
321
191
54
256
103
325
336
367
352
185
119
201
227
72
344
369
447
350
468
466
21
415
395
228
237
166
100
327
174
257
407
450
438
469
205
218
371
447
337
180
174
445
90
439
53
323
420
170
46
325
404
43
146
418
443
8
77
410
375
319
323
383
447
130
347
274
72
217
310
268
280
149
213
171
487
100
64
446
212
418
62
312
104
54
278
315
221
126
27
273
24
484
370
387
153
240
84
352
107
154
169
164
155
380
119
56
173
62
336
12
141
97
258
295
152
195
166
337
390
20
310
374
194
376
309
268
35
218
177
267
293
485
463
180
328
184
459
416
9
327
17
182
470
434
390
382
395
486
360
341
25
143
376
153
226
377
210
426
414
46
38
329
111
62
280
63
12
313
257
277
155
420
60
58
149
331
331
395
446
75
22
161
279
119
361
67
296
225
409
162
61
381
340
441
37
61
316
194
334
334
261
26
231
297
24
176
235
3
479
239
412
166
114
261
220
85
51
88
39
57
384
443
362
391
405
481
311
18
72
353
303
453
140
256
424
239
5
470
403
301
156
340
167
127
406
272
295
383
228
274
124
65
153
441
43
184
283
185
436
61
350
254
39
385
481
189
347
116
439
279
239
359
333
174
345
114
6
494
66
370
358
168
447
33
302
425
248
380
441
1
181
178
64
51
78
89
364
25
215
161
66
372
444
15
242
499
79
179
92
360
6
74
99
431
435
141
225
403
38
307
304
3
309
216
125
28
67
2
21
283
169
198
199
192
366
355
268
362
32
466
150
274
206
70
294
174
