847
499
261
127
193
223
397
417
136
457
82
112
136
188
299
470
21
286
354
473
161
155
415
136
218
422
9
296
190
476
164
123
227
14
377
443
86
167
187
462
44
45
312
65
46
9
307
356
80
234
491
253
315
22
94
441
488
262
232
285
393
106
325
477
387
220
333
381
245
165
352
183
301
106
10
71
388
181
181
41
391
384
341
148
184
482
376
408
159
358
370
414
392
195
143
319
102
400
234
441
70
149
150
281
188
472
78
128
6
277
113
14
45
192
380
500
328
55
431
388
480
63
351
142
76
448
339
476
317
219
197
8
49
155
123
297
421
391
362
390
29
401
84
369
70
264
328
307
126
223
481
74
366
449
6
387
80
64
457
80
376
453
44
225
188
410
213
342
79
454
216
233
369
384
200
44
395
314
381
288
474
496
148
264
366
164
449
253
93
45
169
300
289
257
76
120
4
175
182
368
214
134
473
23
489
324
162
242
116
207
442
83
285
115
142
295
231
271
463
494
122
349
203
411
238
472
70
445
107
474
423
363
11
318
173
477
137
346
30
8
496
186
161
56
58
119
232
76
77
447
112
396
388
236
183
492
71
246
8
176
120
58
384
387
53
239
368
108
346
77
456
492
199
144
125
492
310
45
82
318
493
15
399
125
234
196
57
465
35
179
387
406
416
480
177
109
360
45
50
275
199
367
487
116
326
85
469
362
340
389
448
109
430
180
74
75
484
211
169
286
314
446
179
22
223
20
202
231
389
496
455
366
65
369
425
406
144
125
235
129
232
483
446
38
45
490
91
326
51
333
383
285
493
408
296
28
283
221
255
263
460
499
27
189
95
231
37
428
285
331
473
412
123
118
16
67
125
213
187
376
326
76
495
295
55
268
394
152
359
392
224
88
96
307
454
205
225
328
111
85
86
348
212
48
433
83
226
466
395
156
3
451
22
446
356
25
153
112
372
78
28
337
321
127
453
356
168
132
176
337
62
122
319
467
189
30
132
466
236
74
478
312
189
497
170
252
448
218
410
206
340
179
120
391
154
370
124
461
41
344
256
429
168
49
387
94
150
343
479
314
298
267
166
53
374
80
51
261
73
458
279
126
381
245
319
388
423
115
368
15
420
168
483
6
27
256
326
314
284
158
243
244
292
29
420
130
162
255
228
310
165
402
415
401
322
294
20
385
383
33
346
362
435
388
4
266
405
166
181
294
23
299
250
331
421
417
368
409
401
303
86
195
246
276
410
403
201
297
475
477
188
296
117
421
385
245
404
137
316
275
55
112
7
350
376
149
19
289
37
399
111
154
255
208
433
78
489
152
28
379
185
54
81
184
213
297
313
361
398
81
245
419
25
498
156
47
48
336
240
347
123
495
360
198
226
476
435
215
276
48
61
154
201
433
165
49
263
438
240
390
443
284
160
7
334
253
294
83
406
493
102
58
258
235
388
10
465
284
354
327
366
102
494
392
360
498
137
316
99
440
163
99
53
467
230
213
358
368
25
336
251
483
479
34
208
40
179
390
492
251
119
198
219
474
73
352
281
128
286
212
452
278
52
284
256
345
177
359
178
209
393
412
291
203
340
424
170
173
461
290
380
227
482
380
463
242
444
214
404
432
258
305
222
309
356
125
131
167
50
32
238
488
453
67
392
9
282
410
246
83
402
386
216
54
359
266
432
56
500
78
418
85
294
199
210
36
268
259
78
141
329
428
184
335
471
279
137
324
455
54
204
330
181
311
408
108
454
319
319
485
377
36
331
225
31
106
419
76
186
277
246
42
14
12
335
256
186
217
155
302
140
219
246
354
188
116
381
263
367
75
258
476
455
101
165
482
123
43
217
193
487
227
66
340
232
122
136
140
45
6
132
320
477
73
443
206
285
309
111
385
22
374
48
358
18
240
267
289
427
97
177
31
23
77
58
301
9
136
205
