743
65
151
29
47
235
182
471
340
215
454
389
25
213
354
284
162
449
138
306
59
46
284
270
33
68
258
306
105
342
159
143
187
217
291
324
440
420
78
474
260
383
8
326
109
175
214
304
373
174
205
456
458
87
87
321
327
4
242
229
46
14
496
46
295
270
188
495
259
461
446
354
361
449
128
361
101
106
311
132
184
124
393
145
239
2
341
442
177
470
437
426
243
163
435
490
258
275
33
377
140
161
149
294
487
462
107
431
194
487
50
301
469
310
169
378
297
401
299
22
33
359
490
81
300
189
347
26
135
240
34
375
239
92
255
388
226
353
484
197
206
441
234
187
349
200
286
155
122
158
76
328
85
214
137
338
217
101
469
123
72
361
220
121
107
435
197
77
142
46
388
286
282
128
67
313
151
254
243
8
293
455
225
45
39
303
399
372
318
209
240
128
383
290
134
10
122
440
378
216
7
117
230
424
194
244
458
352
449
84
361
464
18
348
429
397
1
314
44
392
55
399
233
271
93
136
373
436
287
433
67
275
337
402
207
31
37
129
447
88
254
223
279
280
60
195
308
364
128
160
194
65
168
162
491
122
239
390
280
88
429
5
467
368
123
122
30
61
37
356
240
184
90
462
349
280
81
125
419
197
249
171
188
93
97
222
154
205
63
339
56
353
6
392
183
223
335
219
463
192
241
407
216
221
457
13
48
479
331
143
449
101
434
369
447
438
301
483
299
390
54
122
148
449
296
366
22
486
148
327
91
173
325
268
148
87
62
8
63
462
388
324
255
124
268
265
181
60
370
81
206
155
176
400
288
253
477
272
424
375
249
33
245
175
288
30
18
157
91
36
439
273
222
280
128
229
275
23
150
185
19
29
249
165
101
454
261
12
11
256
230
330
500
346
310
208
28
89
438
348
238
175
467
255
362
463
493
493
187
496
93
299
251
106
11
427
477
325
403
400
27
308
215
333
307
496
221
5
227
414
419
260
105
123
491
213
196
398
209
140
248
26
374
387
3
236
5
98
428
204
64
386
441
255
92
46
252
405
431
33
3
43
177
373
106
335
372
251
277
412
36
5
446
379
70
428
500
75
113
214
358
7
151
173
101
194
168
281
389
412
211
322
222
90
329
278
330
187
58
468
407
172
171
305
172
238
113
435
324
424
151
191
306
106
349
491
375
327
492
428
55
349
82
365
453
6
122
448
341
11
244
193
323
420
210
172
136
279
145
184
456
117
102
92
130
257
132
337
295
432
475
57
258
432
383
186
53
11
9
270
448
292
178
54
49
200
148
350
181
330
169
178
201
332
386
326
89
477
24
435
449
87
466
353
250
137
6
36
4
202
341
477
433
272
393
175
41
126
185
194
466
212
466
455
417
12
20
216
454
433
332
272
53
178
480
379
260
361
324
468
115
209
407
217
289
117
240
175
274
388
386
245
57
395
302
276
397
245
260
235
475
285
380
137
415
233
165
80
490
419
332
262
358
238
90
18
20
410
284
439
122
12
250
118
28
309
297
208
489
387
224
199
374
77
349
10
471
242
374
316
388
351
471
461
457
332
282
251
302
460
480
114
280
332
213
114
433
105
86
41
401
403
239
304
85
113
363
438
445
111
358
23
112
385
36
374
104
107
204
205
359
261
496
346
340
216
112
377
298
88
321
100
433
23
490
197
50
350
168
431
492
278
2
320
25
