251
260
205
41
45
14
385
442
299
245
253
391
363
80
315
300
217
122
351
235
298
15
192
435
372
270
206
447
110
339
287
255
209
97
158
304
484
480
331
96
243
371
475
136
105
363
318
200
426
336
334
224
316
284
76
147
451
493
118
220
299
416
215
105
188
342
37
4
75
150
435
493
70
80
438
27
462
216
85
113
69
454
233
284
114
133
318
163
152
127
351
4
394
30
115
96
72
440
140
83
38
248
285
212
129
92
127
237
21
426
100
100
265
209
330
357
261
417
70
365
178
63
492
45
144
254
151
476
450
178
469
15
218
297
97
407
435
202
304
160
227
10
403
327
303
249
386
142
304
258
76
175
358
74
411
121
384
84
79
65
273
298
274
155
207
14
179
70
172
124
138
150
272
16
466
464
66
66
369
223
380
305
208
119
194
275
146
391
198
84
15
451
430
346
277
351
380
451
198
495
389
179
345
478
362
255
49
90
178
335
491
140
372
441
430
31
354
467
19
7
455
277
399
367
244
322
448
372
165
119
184
283
105
342
312
372
63
500
40
17
396
309
208
157
217
308
297
46
173
294
56
273
110
