346
326
423
287
496
432
220
178
71
387
500
270
211
176
413
328
273
364
137
307
441
378
492
68
181
272
363
229
319
68
74
265
351
371
215
269
270
374
321
345
99
154
239
240
218
120
205
37
202
17
116
82
263
24
270
415
100
251
312
267
234
403
162
415
209
50
12
426
63
106
365
283
398
86
76
29
94
260
451
412
375
357
216
117
125
356
242
290
205
230
91
64
286
31
447
409
39
404
332
277
272
456
432
489
212
98
340
136
345
401
290
105
201
411
415
205
250
194
490
309
413
462
409
208
33
398
25
333
74
485
385
84
484
76
139
162
128
280
349
42
5
437
238
399
39
489
151
117
396
254
165
451
55
175
392
374
489
349
29
475
462
285
334
199
88
209
404
135
455
266
77
314
375
125
79
50
290
301
315
249
45
112
27
400
76
341
394
254
203
52
162
22
231
272
31
454
236
497
25
139
76
330
451
305
482
81
437
411
74
73
487
442
482
168
337
241
68
372
186
361
450
303
468
27
20
426
284
39
40
135
297
110
488
290
123
381
388
13
9
73
355
271
436
123
486
449
461
225
3
192
496
454
307
222
295
48
350
435
89
387
411
179
392
117
371
176
165
465
379
221
61
456
208
36
116
41
66
309
109
5
464
201
240
345
78
289
331
476
389
195
363
220
258
80
19
432
17
222
337
295
43
365
167
489
126
57
441
155
262
459
292
168
452
470
59
131
62
111
301
401
452
345
13
77
485
312
492
190
97
177
356
91
430
196
6
428
481
424
46
50
377
238
58
203
311
121
244
496
