614
489
398
248
78
118
426
350
464
414
359
25
306
77
236
199
200
169
281
237
180
410
497
318
226
159
453
64
358
375
120
365
17
170
412
285
349
297
365
121
241
422
90
116
357
189
248
500
462
420
282
454
431
396
314
375
177
159
146
30
419
257
9
432
21
357
361
149
402
364
134
302
77
320
434
492
479
35
60
426
198
95
397
96
282
70
85
327
388
337
455
303
36
32
99
443
162
107
156
206
338
195
473
323
205
445
491
442
180
286
236
190
375
312
295
21
418
439
114
174
406
434
86
317
106
389
168
300
341
327
455
42
119
161
446
487
256
476
373
15
214
75
4
38
398
65
84
243
2
8
261
221
180
338
289
162
315
208
321
170
197
139
120
131
453
131
12
402
30
242
168
409
196
66
184
328
70
266
384
229
322
277
282
379
93
317
490
185
131
401
326
26
199
208
261
437
98
5
189
213
460
451
172
282
215
187
152
451
327
172
23
440
112
10
25
96
198
18
355
118
305
179
7
214
322
418
156
110
369
410
388
438
449
191
425
478
418
129
180
407
114
187
305
218
225
2
393
392
178
470
29
149
141
179
280
120
371
460
135
491
324
275
76
135
266
197
175
63
266
312
364
464
167
131
45
133
499
10
456
127
189
348
169
190
228
140
421
431
353
443
232
109
111
256
351
431
382
86
182
26
473
190
196
35
228
399
465
208
321
357
104
198
484
210
333
342
169
228
101
443
212
355
424
483
394
273
167
26
402
318
413
44
71
209
456
262
176
304
332
387
400
61
323
375
18
221
130
124
157
405
50
256
257
331
199
249
122
473
306
192
97
36
278
248
107
82
87
435
52
270
121
70
460
436
223
432
416
200
108
12
131
131
87
43
232
388
21
303
295
341
174
42
175
497
464
494
181
284
323
377
302
405
250
113
239
63
242
16
433
341
23
206
84
400
427
278
315
118
294
194
196
284
5
223
245
337
366
22
178
288
59
485
38
124
145
293
67
249
174
80
30
490
179
58
291
430
344
47
321
332
202
229
393
11
425
454
314
71
358
333
33
62
14
225
39
27
212
376
20
67
176
378
298
100
16
413
80
205
4
201
495
420
369
63
239
494
119
333
95
364
18
309
467
374
233
407
21
96
61
16
225
353
496
276
265
10
254
498
64
475
133
468
488
147
163
150
405
433
131
456
395
260
439
96
215
451
157
373
333
153
282
357
362
474
242
405
360
470
89
33
370
482
349
113
113
468
160
58
312
59
401
25
31
414
421
221
65
322
316
309
258
475
241
229
396
27
115
273
179
308
192
426
215
3
329
470
356
409
411
113
199
101
389
50
146
131
473
205
358
243
67
470
213
146
443
117
307
104
172
156
217
306
445
273
62
41
145
449
101
415
250
29
323
51
487
110
