778
85
228
245
16
296
264
311
105
405
249
488
485
411
210
335
177
229
157
398
120
9
329
403
227
155
79
84
353
68
373
406
301
467
85
40
413
36
477
482
70
450
362
380
47
294
276
161
377
156
98
407
179
107
435
159
247
261
296
189
407
499
104
177
283
362
236
245
159
480
26
458
360
490
328
321
107
459
198
166
375
449
385
486
296
116
190
253
132
57
50
223
397
484
278
143
200
333
300
453
220
40
37
443
194
389
339
346
432
21
459
366
321
42
54
156
378
325
139
88
266
396
491
193
487
398
344
440
372
190
392
307
250
452
277
78
13
415
469
275
48
422
43
250
8
81
25
184
402
453
200
273
72
303
460
196
300
15
161
105
34
180
77
272
206
348
247
403
333
384
92
445
480
193
79
170
115
184
210
427
268
278
63
279
195
312
254
379
297
394
320
73
71
27
76
59
271
184
357
392
353
283
427
280
284
225
229
145
160
448
174
257
175
435
255
318
355
168
356
139
93
490
60
485
174
199
334
200
394
275
21
156
118
382
186
451
243
4
231
167
348
445
240
96
356
420
145
199
187
359
438
191
141
353
382
112
489
407
250
12
287
263
26
4
52
388
37
414
174
408
124
57
495
259
116
118
3
52
135
166
172
81
128
267
389
121
131
126
38
305
376
58
426
451
428
382
494
484
68
482
121
338
324
338
28
378
234
83
107
281
203
129
474
274
243
152
13
63
224
172
189
287
256
259
282
430
123
134
129
100
324
410
195
395
247
239
292
106
482
34
389
413
200
439
332
86
54
182
452
4
416
489
228
459
87
14
92
422
115
75
57
370
36
42
433
197
186
83
243
383
401
31
333
350
478
305
439
141
20
475
447
394
231
290
49
203
324
312
87
5
409
385
258
175
391
43
207
261
199
166
484
197
254
419
186
314
497
145
295
75
292
402
429
314
301
418
197
308
38
388
33
352
384
449
323
372
268
57
80
159
492
381
500
476
29
130
461
159
21
7
352
464
471
416
400
132
331
386
95
343
63
299
187
228
224
246
225
23
496
315
186
395
268
360
155
392
98
306
398
327
155
410
369
360
82
491
85
380
95
105
280
82
383
384
40
23
417
497
83
169
328
29
114
493
71
98
157
56
325
218
37
391
38
202
59
326
410
419
211
414
407
192
204
278
204
231
146
454
291
53
167
362
241
268
259
373
286
259
433
130
495
111
145
247
186
240
245
368
122
471
300
450
186
394
198
391
156
17
254
97
247
167
354
94
130
79
203
47
99
211
220
408
114
19
23
151
115
208
365
464
342
7
338
260
156
127
172
161
89
201
180
120
488
26
407
369
115
367
367
351
40
188
401
4
344
330
430
183
485
28
233
108
150
172
338
47
114
476
252
500
277
260
468
87
58
218
464
363
236
247
130
284
404
87
277
432
336
143
195
87
456
223
349
230
314
126
83
73
426
460
374
332
447
221
157
118
305
268
314
264
490
423
406
404
131
282
492
490
162
378
374
395
65
14
291
275
59
79
79
421
266
464
159
21
16
165
51
425
417
332
393
272
327
152
333
358
162
241
70
144
315
276
19
35
383
295
49
360
63
297
403
106
181
75
339
210
122
187
256
116
350
500
212
222
121
170
83
421
311
135
218
411
313
56
213
259
322
358
227
147
160
60
54
398
219
50
258
449
327
167
66
391
205
35
236
268
199
68
326
231
432
268
489
211
258
27
37
179
98
394
79
205
405
467
369
495
268
276
443
333
110
306
346
5
349
94
237
233
113
418
