837
475
120
460
329
357
343
492
65
307
182
304
219
100
83
471
277
333
311
396
342
405
481
304
383
254
257
490
415
268
91
10
420
470
246
372
37
65
264
434
288
368
379
103
409
6
416
119
105
342
393
350
496
3
439
480
409
467
66
6
13
21
204
419
130
450
319
186
98
329
390
66
440
451
429
334
175
156
225
241
347
107
209
458
431
324
423
242
236
434
494
239
228
368
237
66
71
283
161
178
418
249
129
355
100
189
422
182
488
89
240
120
245
370
428
121
33
381
296
256
303
45
363
148
198
141
225
353
387
117
286
337
395
285
34
437
69
494
408
78
122
164
267
237
184
77
441
254
483
82
226
397
164
163
180
209
293
263
240
44
441
236
160
274
461
221
424
117
454
182
354
275
74
137
180
443
203
422
291
57
428
123
222
167
320
395
141
415
410
20
230
141
442
472
209
82
10
5
459
135
49
385
417
40
111
88
465
55
180
107
481
87
310
364
94
6
318
290
399
309
180
55
180
247
209
365
8
172
500
105
103
94
256
371
243
462
27
456
142
259
144
242
196
344
302
221
228
486
152
177
60
256
29
371
413
395
479
395
126
241
84
153
196
70
359
455
402
376
79
275
301
443
39
481
117
182
108
6
79
116
431
322
386
99
346
66
289
292
368
90
281
500
249
105
311
4
292
127
380
438
323
472
375
393
152
153
309
476
159
318
443
304
143
202
360
39
318
291
276
39
104
382
187
481
176
277
162
39
97
154
391
89
42
262
333
32
152
98
327
147
420
423
152
161
156
73
190
255
362
397
378
446
62
482
475
1
309
76
271
452
466
475
103
52
321
490
482
482
122
132
379
138
351
408
146
163
449
131
468
247
426
221
476
453
499
44
465
392
392
272
193
186
241
44
102
68
436
361
470
35
492
243
397
438
175
452
134
223
454
316
47
300
186
68
216
399
319
462
165
36
396
224
324
389
336
288
166
464
498
169
249
115
372
235
37
93
381
97
467
188
413
8
161
250
349
260
320
60
269
378
76
372
290
419
169
74
120
342
293
85
312
71
308
83
183
316
72
163
453
9
497
3
248
367
272
180
120
482
347
381
282
102
348
117
73
403
498
189
36
319
173
290
214
83
10
199
64
474
32
258
138
182
184
119
228
493
63
494
466
82
430
205
134
495
359
277
11
382
157
349
213
344
181
259
303
278
22
158
464
101
371
9
181
198
293
317
268
462
103
416
389
428
271
313
481
90
136
372
94
85
97
338
123
479
150
225
445
390
50
56
15
137
496
398
358
2
194
348
433
130
218
384
79
284
380
116
394
161
199
9
346
440
74
305
386
265
62
131
229
444
174
390
192
229
272
353
173
167
261
96
399
488
122
187
296
6
335
194
289
461
221
276
20
128
149
137
1
254
431
314
50
127
240
91
388
467
213
426
161
87
241
382
490
78
17
367
30
78
290
332
268
218
132
386
436
491
220
354
117
170
116
89
258
185
438
260
107
485
329
150
355
251
186
425
409
378
29
284
299
272
237
446
5
404
482
226
338
234
261
109
458
285
273
289
6
489
62
128
233
57
47
109
50
43
220
346
473
382
237
312
351
24
202
119
93
199
78
345
306
349
279
26
467
275
406
369
442
3
410
132
65
1
251
474
271
135
308
468
146
20
410
150
236
93
323
335
236
491
148
466
379
260
390
92
397
328
280
230
441
282
385
339
248
346
13
129
378
131
180
16
307
469
270
471
192
101
38
15
321
180
341
206
129
411
282
499
184
376
345
126
412
244
500
253
73
97
362
315
387
386
178
345
145
382
231
310
28
259
93
246
45
141
63
124
358
409
180
304
107
290
207
332
294
396
497
279
214
196
244
251
149
226
213
247
300
117
392
176
47
138
303
248
287
192
340
136
164
188
146
