461
462
51
352
345
272
456
169
118
63
112
496
448
92
245
402
483
383
458
487
49
344
15
438
354
375
34
55
482
185
181
235
274
1
155
154
66
81
420
8
31
472
156
58
449
176
435
424
487
273
70
87
336
169
418
135
265
239
153
129
39
61
161
131
11
120
332
217
50
409
165
499
354
473
44
427
230
11
447
355
383
137
95
423
54
303
466
185
42
250
399
203
218
356
376
380
453
185
19
248
452
310
382
281
187
369
443
51
368
143
74
364
327
185
134
260
79
61
126
90
277
481
489
430
2
192
241
363
470
132
51
69
138
23
279
223
222
500
117
489
451
42
391
347
407
311
26
278
299
411
151
351
262
39
38
313
82
347
456
260
63
199
469
378
446
12
153
225
207
47
35
218
43
95
259
499
499
138
243
196
274
9
40
232
40
408
99
498
127
124
310
246
56
467
408
255
462
430
11
414
322
492
100
57
183
414
321
245
411
166
390
223
76
4
114
260
89
108
391
50
282
176
71
262
365
53
13
198
476
115
450
219
34
393
313
12
121
300
42
5
203
431
275
106
217
426
12
228
172
231
498
109
165
181
361
243
301
448
487
313
257
97
117
28
441
145
377
428
348
239
401
231
99
310
372
47
488
337
86
155
180
210
477
230
141
473
19
391
234
144
274
320
49
127
141
261
497
448
433
36
64
177
394
138
183
482
292
320
123
144
313
363
135
11
283
350
282
70
466
400
159
277
451
357
109
377
273
369
484
307
484
210
248
245
338
171
94
466
344
154
329
283
380
398
111
212
5
17
137
486
413
498
431
484
30
170
131
475
477
265
40
100
6
475
286
263
101
305
102
320
206
84
57
75
332
72
313
424
202
194
496
117
117
143
464
275
385
387
20
470
38
160
434
477
72
467
72
275
29
13
101
244
26
331
201
330
192
195
38
368
31
226
127
81
320
89
65
468
135
286
460
400
292
227
259
157
225
433
248
478
329
299
277
400
47
227
199
282
341
373
440
298
351
301
472
492
386
52
133
182
489
289
74
459
89
206
465
468
410
306
392
58
218
