669
22
190
224
303
189
429
385
151
157
337
403
316
278
163
350
198
240
13
95
35
490
37
359
323
299
84
486
51
470
332
209
204
377
31
79
415
59
30
343
397
404
243
442
35
1
118
94
171
404
311
65
53
414
393
144
228
100
15
276
76
302
101
203
84
158
108
234
61
298
178
453
89
141
276
431
357
23
380
267
152
364
189
188
499
439
484
356
77
82
144
495
224
441
164
133
89
422
86
358
36
291
442
170
247
146
60
103
404
358
494
329
210
430
344
139
332
210
111
340
328
397
475
73
97
277
256
234
378
201
119
134
430
283
157
154
273
409
209
45
261
73
277
213
329
356
391
183
241
35
448
339
53
405
433
186
64
360
77
99
457
3
285
67
332
72
267
466
177
392
493
326
44
399
154
483
336
404
366
259
446
11
173
462
474
406
165
328
256
32
239
494
11
79
383
444
58
355
252
101
388
304
171
65
400
357
120
370
477
47
297
467
162
396
105
288
457
247
6
14
302
295
390
387
307
123
97
302
491
152
201
152
445
330
423
202
206
364
243
42
337
466
96
120
371
239
100
29
251
218
483
73
58
210
483
377
23
338
140
496
208
343
4
218
269
360
117
426
333
390
127
32
423
119
204
81
314
252
50
66
179
314
73
88
215
197
309
232
488
135
374
435
353
400
359
495
196
263
309
13
187
72
216
75
349
371
175
267
466
203
223
214
54
42
445
456
123
37
232
389
374
136
85
42
29
191
301
116
137
151
48
450
202
102
295
343
148
402
59
377
365
219
192
190
460
352
456
363
231
368
420
184
36
240
48
25
105
372
438
149
190
344
265
349
238
264
450
105
196
260
323
432
476
58
100
109
201
202
417
9
186
423
113
387
139
18
459
413
249
494
183
257
60
442
384
303
29
6
75
101
248
77
159
163
99
299
127
255
156
262
328
181
430
258
160
441
66
55
471
249
356
203
286
112
106
181
17
223
193
296
169
202
245
157
412
427
261
382
61
349
122
174
413
147
136
325
175
147
243
144
422
130
51
466
305
215
258
345
428
305
455
266
269
216
471
11
184
291
451
338
494
11
6
327
281
496
240
167
116
51
80
319
110
167
258
378
135
37
169
425
410
30
266
372
249
84
321
165
197
447
260
329
359
260
98
49
298
135
209
154
278
61
29
57
250
25
397
165
208
451
67
123
101
394
39
429
291
217
376
350
430
300
474
69
390
320
368
181
254
185
472
49
262
484
460
114
50
419
419
337
64
228
59
382
403
248
22
347
414
124
60
309
283
341
371
440
397
280
96
37
124
121
25
171
470
100
155
186
102
81
469
304
48
40
170
121
171
388
423
125
442
284
444
460
113
79
299
376
259
163
480
374
72
436
323
470
148
54
475
445
223
64
26
64
74
32
36
238
146
235
213
426
271
41
249
229
426
305
68
406
161
430
362
228
487
405
87
217
111
425
195
307
219
168
263
210
96
211
440
103
58
456
129
168
369
444
307
22
492
364
248
222
393
440
466
307
175
356
69
347
479
