574
130
351
86
224
204
45
38
160
220
97
290
84
82
17
384
181
199
137
416
488
238
97
123
98
23
451
116
370
12
269
327
118
19
143
420
106
384
459
266
87
155
346
312
135
293
426
81
246
246
448
7
269
467
451
364
194
338
111
170
158
283
146
216
218
181
388
474
412
204
412
365
302
424
202
316
27
182
21
230
260
167
269
24
198
404
185
182
93
224
37
313
49
5
485
384
196
225
229
98
378
112
441
90
180
449
165
28
342
182
481
99
464
232
29
309
239
310
431
363
244
114
438
341
162
36
177
208
211
87
460
352
196
181
41
253
437
478
418
82
347
348
484
12
204
348
311
176
276
229
316
50
361
412
437
62
377
58
415
227
495
406
483
78
211
463
242
330
93
266
454
120
463
180
236
385
98
120
109
186
418
487
1
247
270
116
235
224
226
231
119
271
84
490
82
55
257
61
66
316
276
129
449
67
100
303
137
30
101
58
32
108
424
235
410
13
98
200
180
318
466
302
241
63
123
48
423
39
360
363
337
141
115
392
226
216
92
320
156
47
277
302
300
184
314
134
462
306
313
36
304
46
40
36
264
187
290
187
84
261
195
78
73
287
380
475
186
441
493
388
489
467
422
463
48
171
492
134
75
440
187
395
178
119
312
480
97
283
107
220
221
467
430
393
88
100
113
500
412
255
13
214
132
344
13
285
26
497
354
467
426
288
297
218
363
188
102
2
251
118
129
90
176
72
154
121
194
282
425
262
102
486
84
58
272
392
488
413
127
334
448
184
230
351
58
111
191
151
222
219
163
54
21
177
399
3
409
285
469
130
305
414
98
98
92
197
399
153
201
426
94
134
279
353
425
255
225
121
481
146
368
66
105
77
249
494
223
398
429
462
483
32
7
354
88
335
346
423
262
257
3
341
117
485
342
95
216
417
325
154
130
487
461
264
309
269
355
489
359
403
169
315
340
273
361
74
178
417
111
383
344
466
354
269
465
255
17
277
71
149
23
322
146
32
108
316
270
264
449
45
436
339
237
256
374
155
34
1
350
39
70
205
387
130
287
294
53
55
176
356
221
123
220
138
221
314
373
242
481
363
217
410
426
306
465
482
179
183
498
231
201
339
167
70
436
426
136
169
446
439
344
339
395
67
461
49
426
341
240
151
466
423
147
305
181
345
106
241
384
149
65
297
10
232
231
477
494
195
311
10
320
434
499
446
85
373
57
367
409
401
417
399
12
194
101
277
468
238
403
331
112
437
119
362
366
305
44
407
330
295
291
136
231
79
115
254
278
221
196
109
4
454
301
160
136
253
