634
20
469
4
358
412
497
79
15
164
479
346
211
470
232
182
457
104
333
24
177
260
450
46
58
373
404
342
454
87
280
271
218
228
274
95
320
76
96
5
152
478
35
163
290
308
339
228
70
251
247
203
94
220
131
228
383
489
200
10
18
171
13
120
497
165
294
432
49
425
330
437
435
47
341
433
57
357
243
418
294
228
140
9
125
172
263
176
286
430
37
204
431
427
30
365
428
372
170
29
117
355
389
52
428
157
96
21
54
393
287
221
486
104
456
3
283
386
344
495
151
390
304
451
20
385
98
19
499
213
112
494
243
166
155
344
298
146
180
226
430
131
235
156
230
341
443
448
460
264
368
72
89
391
264
252
299
18
480
378
157
181
406
406
296
206
231
328
406
251
206
213
220
33
343
296
105
192
189
437
231
259
282
43
245
347
449
7
353
239
389
253
151
358
407
477
256
263
373
333
376
301
392
349
138
302
20
228
492
37
51
301
18
31
454
401
259
267
267
14
421
6
462
276
189
421
43
356
483
64
61
210
364
214
32
170
209
350
128
128
498
116
492
237
386
180
441
118
266
483
126
279
153
220
292
132
47
405
47
322
252
387
232
320
289
271
489
77
373
64
221
153
229
261
84
412
250
87
289
485
167
223
79
170
278
25
390
252
192
440
257
360
184
446
472
385
32
112
431
441
485
78
306
279
355
163
131
322
472
70
432
78
394
272
445
258
208
237
260
121
161
13
51
85
278
167
363
337
272
469
366
35
478
194
115
33
473
108
81
472
493
425
293
258
374
308
383
248
198
220
326
42
217
472
144
50
219
216
136
195
186
398
107
262
431
33
265
423
246
471
419
461
401
462
216
436
264
299
396
278
421
278
201
299
122
488
288
438
35
275
16
263
446
351
305
231
110
120
94
314
335
24
200
94
199
428
2
40
252
147
481
159
161
191
183
33
165
131
112
137
366
194
377
130
24
372
147
181
85
221
168
85
396
326
88
38
468
315
405
51
289
39
319
329
349
482
66
132
137
256
10
436
303
338
89
167
83
328
164
288
344
117
470
400
80
335
247
202
203
323
335
1
93
59
287
432
30
385
293
498
88
150
488
254
479
11
170
31
88
485
221
129
293
260
404
208
108
97
217
89
282
431
459
437
105
79
208
12
396
107
264
162
67
122
353
252
246
297
330
429
267
394
491
216
142
114
98
9
124
253
342
407
459
257
97
459
304
170
370
247
18
367
68
93
154
377
217
149
299
452
37
86
343
38
183
192
56
351
137
318
340
72
39
265
370
463
257
452
160
158
169
282
349
59
15
354
157
245
32
442
447
244
141
313
37
423
148
137
310
387
23
471
195
376
295
171
301
191
171
351
410
29
110
131
221
85
71
286
147
347
91
186
182
149
452
170
65
215
238
300
25
114
218
89
162
118
402
67
146
19
260
109
54
365
463
9
