676
456
146
326
205
426
418
483
431
296
246
356
218
33
390
61
372
68
220
193
498
191
50
261
89
12
181
393
51
30
12
98
264
168
422
441
254
364
350
252
7
33
156
19
478
44
49
151
436
360
32
225
247
276
442
392
321
208
182
378
406
282
385
409
204
3
192
55
154
429
288
195
386
320
239
498
291
231
43
476
53
376
314
123
488
287
327
45
144
107
104
310
111
55
197
11
244
90
480
248
170
364
147
408
31
393
65
203
41
39
435
322
247
144
154
469
33
177
153
196
182
227
125
14
17
384
500
114
417
284
242
101
197
63
14
444
227
287
299
345
281
24
463
87
93
151
36
182
433
241
452
206
342
85
358
124
413
114
54
381
306
207
186
336
336
27
259
274
273
35
429
12
266
121
141
165
415
150
268
486
68
192
392
194
316
461
203
342
182
40
327
164
280
8
220
447
354
411
188
93
253
432
303
61
349
183
427
136
358
157
18
410
291
122
421
432
385
435
224
482
216
36
299
3
222
70
40
33
420
477
87
287
304
271
397
186
353
173
19
34
82
183
277
356
354
235
463
148
272
278
273
391
236
156
122
163
336
303
201
230
333
406
18
428
346
376
279
389
3
437
362
48
333
5
435
230
175
382
114
258
325
330
98
222
433
300
228
326
111
348
121
15
365
454
182
274
350
299
73
9
386
465
341
127
74
431
434
43
76
296
286
135
141
125
39
233
400
18
24
134
319
377
342
434
153
60
328
43
304
123
67
226
99
94
314
102
118
229
116
147
277
357
26
337
100
29
27
490
128
236
324
146
15
325
198
109
304
45
178
174
16
161
372
488
297
111
154
297
31
466
143
162
201
288
164
382
169
371
124
128
278
30
23
182
39
125
183
195
23
341
361
491
276
293
194
84
144
345
441
188
197
207
273
85
173
498
3
473
28
474
177
87
177
358
152
411
52
437
119
492
217
259
89
42
493
322
95
408
169
112
231
476
247
11
156
179
184
239
54
3
482
196
465
415
90
250
25
27
461
488
416
32
231
28
442
367
293
121
269
126
299
267
288
316
169
203
1
316
90
410
307
318
314
154
326
196
412
459
392
148
226
199
115
224
4
452
316
123
388
58
462
241
435
351
156
283
432
139
376
172
256
24
492
456
93
199
186
87
207
80
19
77
396
326
348
278
448
286
46
188
4
496
320
97
304
284
283
143
287
367
478
495
373
277
318
408
474
477
371
351
208
322
376
306
463
316
71
248
376
131
410
436
424
333
41
75
142
330
397
152
75
270
93
105
70
440
434
354
361
365
259
20
82
41
412
51
42
151
368
221
500
199
231
354
210
422
454
393
50
204
201
216
151
193
66
163
446
434
498
430
479
3
359
234
362
241
319
449
497
304
451
393
199
385
273
191
442
422
248
77
28
199
341
201
155
12
405
96
161
95
147
192
300
26
271
437
319
305
461
323
245
286
320
229
289
431
239
113
288
483
433
26
11
254
203
158
244
330
441
476
152
103
493
153
115
103
187
378
54
230
18
220
485
99
371
67
219
222
