679
487
276
169
304
319
3
437
5
441
118
414
304
345
157
150
298
354
166
270
178
328
59
392
6
449
484
482
203
90
199
490
370
457
80
218
80
455
375
429
19
111
229
291
374
345
128
97
165
136
203
145
161
390
266
232
46
58
134
349
459
95
137
204
123
158
87
390
377
333
196
383
328
233
301
246
278
322
89
388
414
94
159
483
426
350
20
261
171
288
350
445
498
404
153
330
382
251
214
276
423
397
316
454
121
333
334
69
466
370
445
131
249
155
498
120
303
301
328
117
211
119
367
153
220
110
429
71
183
270
240
421
225
84
367
259
446
6
33
200
56
43
354
197
270
123
121
235
173
485
215
466
127
300
322
470
1
260
129
468
386
253
382
445
233
249
32
482
407
188
1
228
182
384
292
223
401
70
60
390
124
372
257
472
471
186
18
39
229
322
41
21
14
342
23
348
173
203
12
303
236
155
475
353
182
321
17
341
462
212
14
327
452
385
312
297
155
401
195
154
196
220
398
494
381
487
447
313
179
448
94
361
257
184
162
155
374
7
76
447
292
498
119
98
429
100
27
399
451
445
458
217
474
335
56
146
194
243
107
333
429
440
314
133
190
426
367
129
48
280
330
200
433
19
412
476
338
86
131
163
187
122
115
244
111
465
82
270
216
167
391
351
44
321
261
19
43
373
133
384
9
438
126
24
443
135
364
273
405
61
302
344
354
308
372
437
363
368
168
422
377
457
318
425
120
193
38
486
452
249
100
372
234
464
393
305
280
82
44
253
97
239
340
87
2
416
376
70
229
23
219
385
391
351
76
221
462
75
338
499
413
190
113
496
441
30
81
493
490
96
27
291
357
251
60
140
38
465
132
103
151
330
226
208
372
388
58
55
152
210
100
18
281
368
184
5
363
496
190
269
215
290
485
144
107
417
294
478
497
47
122
110
347
110
430
471
254
216
19
125
215
33
316
266
470
492
187
295
172
215
3
344
453
346
295
448
474
13
427
39
473
58
226
273
211
173
158
481
102
19
384
273
419
393
264
196
286
413
473
106
16
421
88
124
297
218
196
218
97
4
126
93
452
199
187
193
413
21
255
347
305
322
48
187
472
368
269
96
363
483
19
361
287
112
66
115
199
465
401
119
57
76
380
372
248
44
221
349
67
305
312
369
109
219
3
241
93
220
445
409
459
162
243
97
84
399
72
249
240
219
253
427
179
71
192
105
299
439
445
66
27
169
45
414
391
380
178
149
212
403
187
184
427
482
193
229
253
154
295
27
286
185
265
65
29
284
82
320
103
299
106
120
358
178
383
79
83
8
437
276
268
324
176
393
212
12
120
322
113
170
474
409
370
101
384
107
116
3
391
273
50
148
193
327
368
118
342
224
245
183
275
133
141
348
143
343
116
195
408
284
192
425
133
155
348
85
423
466
460
133
243
251
357
315
253
490
73
431
184
473
297
254
124
309
186
257
105
36
268
475
378
207
261
393
313
484
400
288
397
477
289
336
312
39
368
162
343
454
1
48
264
213
251
407
317
112
5
25
361
2
460
