872
80
144
291
338
53
6
311
30
217
470
361
137
175
464
192
298
378
293
112
438
294
115
27
57
401
323
183
69
227
23
133
211
368
131
282
402
421
492
190
439
421
420
392
441
418
301
287
462
280
448
109
422
46
65
409
242
42
75
315
281
297
49
324
149
133
295
400
488
27
75
65
306
225
360
468
134
409
440
210
60
292
352
141
296
404
291
93
109
459
310
72
473
55
198
193
74
18
25
55
185
307
66
198
138
238
327
383
327
72
244
124
31
495
461
194
273
319
53
453
132
122
52
441
265
325
129
174
239
77
379
349
132
460
333
80
111
216
297
123
453
59
403
461
244
384
10
214
153
240
130
439
422
37
496
402
366
122
325
233
368
247
234
68
218
451
372
348
302
259
27
127
459
285
463
493
241
337
213
100
447
379
200
302
56
200
156
87
499
263
399
448
315
344
102
422
418
472
38
368
455
382
211
256
78
467
333
333
194
108
184
404
23
212
30
366
212
381
214
84
173
328
288
430
107
63
275
111
225
14
477
190
248
481
290
324
361
48
246
127
478
101
357
170
34
442
479
295
2
66
332
474
447
124
286
400
433
249
21
253
146
298
31
325
228
66
144
105
376
201
292
133
101
66
102
131
379
74
37
57
473
320
144
452
398
492
50
112
387
90
316
158
277
76
334
197
408
23
433
326
476
398
192
374
8
165
1
169
47
340
246
425
305
122
32
474
421
500
96
164
497
189
380
88
463
59
108
462
171
425
256
367
64
107
258
251
310
443
376
394
273
3
279
278
383
65
350
416
428
15
497
454
458
300
141
265
99
297
475
420
98
419
191
332
97
291
358
198
252
55
28
405
114
288
205
300
454
157
431
342
384
366
487
224
98
248
2
328
134
27
377
176
175
302
325
13
10
447
292
225
13
74
2
150
140
254
342
479
471
250
47
41
268
181
359
286
450
48
381
374
299
256
119
100
18
18
185
427
363
67
380
179
209
184
48
374
210
387
443
143
285
343
18
451
149
84
265
218
409
322
365
453
75
286
97
210
481
123
45
241
197
138
106
212
321
180
359
435
266
237
352
193
417
317
68
238
74
426
484
14
76
343
321
307
65
150
67
58
251
88
152
347
372
413
10
316
33
44
443
419
500
84
469
332
286
200
433
21
180
128
122
396
450
494
291
131
318
107
145
230
481
462
193
289
495
176
28
251
428
98
444
133
389
242
90
103
248
131
325
72
350
301
374
234
468
40
93
273
5
255
271
459
462
245
405
139
494
170
151
422
490
46
285
37
192
481
335
89
60
131
432
424
289
359
332
396
197
161
256
341
278
112
13
246
183
280
197
86
350
441
269
231
408
9
368
47
26
410
220
243
378
403
418
492
484
207
143
356
105
381
17
327
342
266
31
430
2
24
451
40
58
26
325
228
1
451
32
304
450
60
49
290
60
461
423
415
207
20
85
431
401
139
86
216
452
34
345
155
211
349
332
371
166
196
158
460
489
20
361
367
112
264
290
295
101
231
294
291
247
196
256
474
388
220
188
179
417
264
298
405
37
274
140
134
471
285
434
84
297
171
450
484
481
118
198
393
158
58
125
368
479
204
422
408
39
92
255
40
24
264
364
469
72
396
259
74
125
90
407
58
249
313
337
359
4
214
427
60
61
361
251
384
28
436
365
497
261
66
427
383
185
410
374
205
149
263
209
389
295
438
462
452
68
466
264
384
182
407
487
40
306
477
215
500
69
387
266
309
131
335
356
176
25
37
483
315
427
230
290
201
129
387
76
101
146
261
489
175
334
50
448
454
324
122
270
333
331
479
165
253
356
7
366
148
488
13
209
302
271
107
10
121
168
290
83
181
312
479
242
269
297
258
272
188
143
123
181
454
57
429
427
272
117
301
329
142
337
472
194
474
480
43
85
413
395
466
144
208
25
280
465
389
190
413
249
8
264
226
418
87
43
456
274
417
421
50
289
30
316
272
371
248
487
73
