390
365
168
314
62
286
7
346
222
169
335
292
249
10
125
133
38
274
464
217
110
496
235
482
499
212
328
453
196
12
495
199
378
96
224
5
482
331
403
122
117
462
436
368
383
375
127
153
190
96
113
368
30
290
500
204
405
484
453
49
165
396
149
424
409
174
445
479
120
344
302
28
224
41
236
326
286
101
227
370
298
454
215
436
3
223
308
236
488
345
349
175
207
73
132
338
279
265
414
125
220
243
305
337
413
147
34
198
248
240
412
451
144
204
326
439
71
19
111
24
416
149
11
415
256
52
97
164
456
452
500
327
421
290
411
432
222
439
451
280
82
149
71
481
418
462
357
125
169
475
226
157
369
399
148
276
109
72
436
312
384
44
122
233
153
352
288
78
241
69
122
363
32
58
491
192
86
192
236
8
289
457
172
342
271
359
55
335
154
17
368
336
251
303
217
486
239
297
5
187
192
109
199
272
129
433
165
159
57
423
140
398
318
407
334
429
22
410
277
396
334
40
85
368
221
147
4
495
362
370
298
51
348
88
387
59
303
149
180
143
252
30
100
300
470
336
299
419
462
458
177
295
27
399
180
494
433
215
255
163
32
349
106
109
190
452
209
307
305
350
132
480
261
380
164
17
47
60
324
156
175
297
403
327
164
160
376
104
5
335
295
428
115
88
233
146
172
375
438
329
247
484
178
189
225
32
129
118
483
3
296
167
488
442
388
357
269
190
370
43
296
59
463
220
341
314
188
130
459
448
397
237
100
143
482
135
188
227
147
399
300
90
39
57
207
329
347
208
493
465
453
230
69
323
152
235
260
219
342
104
459
255
230
370
430
152
302
330
474
166
349
420
116
156
278
346
74
386
317
237
82
497
157
270
174
324
37
399
321
443
272
29
