314
207
360
268
146
408
304
358
280
301
83
279
98
441
391
105
121
119
449
123
206
422
272
393
384
175
332
135
159
72
309
125
126
452
361
481
28
396
272
254
101
153
458
106
347
471
70
498
35
469
443
33
395
314
451
310
77
138
187
347
14
174
350
26
44
149
219
70
39
10
88
50
173
14
256
225
459
134
295
277
442
483
14
48
121
149
186
284
174
351
158
295
164
472
29
325
392
217
142
97
98
88
225
407
424
205
205
7
477
70
382
318
184
224
23
161
396
251
178
214
2
163
276
470
397
248
239
255
25
402
410
326
274
136
341
232
84
407
141
29
130
163
67
282
363
350
169
335
344
384
314
88
387
352
412
264
344
220
362
135
64
270
339
152
319
212
54
486
339
122
205
266
490
273
275
345
79
375
420
435
272
324
437
107
415
183
13
238
286
158
400
70
356
287
122
407
293
310
435
448
141
251
107
131
44
236
188
2
466
445
156
260
333
286
313
58
170
388
288
119
383
464
344
143
283
7
486
324
171
135
476
414
476
18
401
167
126
96
340
33
150
258
222
475
326
500
162
14
269
219
94
36
443
91
142
63
487
311
499
34
346
136
125
429
322
239
174
86
249
177
290
3
256
411
372
447
396
401
426
62
288
56
56
52
385
163
162
249
108
208
33
374
17
271
19
160
156
358
354
305
8
474
251
491
207
324
364
444
139
401
471
111
103
407
137
131
