939
59
211
397
370
315
129
198
420
108
304
234
355
214
63
2
175
63
417
286
25
157
411
229
30
310
116
118
397
494
61
200
396
386
11
254
361
386
233
55
1
68
117
475
245
199
94
238
234
106
331
329
37
413
461
146
155
421
139
236
387
44
149
310
255
487
26
381
276
478
178
269
356
460
207
124
449
171
112
480
366
407
164
94
1
435
124
275
375
81
254
246
319
332
212
343
486
346
399
34
240
79
453
423
62
305
53
41
63
478
114
474
450
98
379
120
490
361
52
329
485
268
253
372
49
476
366
483
146
171
450
232
467
17
105
55
367
310
456
82
203
201
32
74
380
196
492
176
398
209
298
364
491
188
445
405
25
91
360
294
427
91
124
260
302
425
191
275
299
406
231
134
380
62
464
321
486
208
305
294
250
495
117
83
371
464
154
62
323
169
378
487
301
189
345
166
413
42
130
111
326
411
15
82
236
323
144
98
346
293
167
270
126
109
362
303
387
408
291
127
343
275
3
387
448
41
355
225
96
375
10
204
160
169
459
305
466
47
240
403
242
106
216
395
2
480
356
255
201
56
248
111
345
275
219
465
24
71
452
246
471
275
88
74
221
138
232
216
394
138
355
450
472
448
371
494
178
145
56
285
491
133
6
291
448
75
215
74
161
231
448
301
18
195
287
425
209
272
89
223
167
72
457
227
2
116
69
387
46
175
353
115
175
282
60
207
134
454
42
446
2
126
170
190
344
360
468
268
228
210
34
498
63
166
487
443
313
59
101
121
161
214
272
117
114
139
226
163
205
496
189
425
97
314
35
280
115
335
354
301
161
280
392
440
216
235
481
382
129
448
472
45
101
14
271
45
412
224
301
458
95
89
79
306
41
81
241
363
390
255
374
329
334
498
270
250
88
7
213
12
114
375
273
3
105
96
481
29
417
317
169
389
58
462
268
426
101
362
471
69
53
328
87
43
81
104
25
124
229
478
290
376
444
156
113
66
468
86
196
314
149
82
229
15
479
145
17
73
59
318
259
216
79
334
258
277
180
259
368
485
88
448
321
203
467
27
419
375
116
418
112
291
408
444
433
197
335
244
181
146
169
27
157
193
342
90
50
16
417
78
492
290
437
325
16
65
311
449
367
30
63
95
326
269
470
210
286
255
460
202
357
158
397
295
269
80
268
54
259
319
22
364
408
27
409
90
251
181
312
32
186
394
455
193
369
132
51
180
271
273
247
500
236
269
181
345
181
292
146
188
118
163
233
112
180
144
458
258
373
421
282
382
424
96
490
361
209
180
111
74
497
98
252
224
483
55
438
357
98
438
161
59
62
440
499
35
121
120
205
185
326
262
9
22
375
260
497
317
179
92
353
301
51
343
123
268
161
167
364
235
478
426
15
39
124
118
476
2
94
468
290
67
491
335
256
433
389
309
164
87
315
429
423
223
306
116
64
326
467
174
291
499
292
123
345
73
39
80
100
142
52
391
17
369
451
378
265
13
366
397
272
302
284
130
244
430
221
56
407
204
32
23
99
466
333
466
343
175
444
323
247
466
158
162
13
429
119
280
250
388
489
402
423
130
458
16
411
161
4
32
112
474
156
275
108
67
177
351
329
435
410
258
1
442
165
281
36
393
414
308
405
369
459
4
118
44
74
287
265
112
416
176
194
82
308
174
382
226
450
205
179
280
141
411
458
30
340
280
397
440
121
380
164
456
295
380
181
158
303
59
391
204
500
383
299
14
87
272
193
287
31
221
165
174
278
416
190
307
271
186
304
358
191
253
405
105
301
470
296
322
21
291
79
239
353
82
430
56
66
72
325
50
149
51
419
153
128
325
209
375
63
256
288
7
476
106
14
461
298
210
6
259
202
92
366
51
86
161
414
142
412
423
2
4
482
414
361
94
364
304
307
224
104
313
243
284
33
261
356
354
157
67
449
497
287
450
229
355
132
308
209
435
34
320
423
91
98
27
343
211
165
163
179
297
65
375
419
460
49
351
235
342
303
202
352
404
354
232
422
323
206
170
93
476
167
373
70
445
8
66
4
490
272
94
339
30
206
256
162
307
149
228
199
400
211
379
71
116
378
188
142
315
272
464
476
339
19
104
58
153
348
275
114
254
432
171
202
12
268
36
406
