978
57
148
136
48
428
98
161
317
92
64
200
425
437
114
381
474
422
33
324
444
402
154
367
304
339
285
254
299
233
459
187
358
419
414
445
14
479
284
26
425
330
366
245
139
322
251
402
442
152
201
283
103
117
228
15
226
29
419
92
485
224
486
185
424
188
429
142
440
254
271
210
243
277
323
499
15
353
154
107
19
388
313
442
383
447
217
44
483
202
84
159
301
497
407
91
443
353
36
401
283
466
65
64
249
350
250
361
433
111
163
244
393
54
37
464
199
346
298
372
87
94
72
192
239
293
273
333
218
4
228
411
221
378
207
31
418
104
416
173
302
423
309
153
57
204
155
257
458
121
374
5
283
146
90
169
284
99
206
430
200
469
377
496
356
271
500
221
102
60
165
54
413
205
426
265
74
369
93
169
222
61
383
313
458
393
423
315
71
456
480
496
66
439
198
296
243
476
477
260
189
108
488
28
282
390
375
374
311
474
195
59
43
42
487
22
304
112
271
258
228
187
207
466
141
42
92
392
395
341
238
210
140
304
26
166
113
462
215
95
478
313
115
461
355
418
382
222
317
174
445
210
71
169
497
439
286
307
303
302
474
303
307
417
253
407
299
250
298
152
336
207
123
150
223
453
356
367
262
55
297
156
138
251
300
61
452
73
432
429
258
94
138
314
43
126
402
309
206
230
185
12
55
48
328
148
200
289
392
385
349
62
188
33
226
45
412
307
405
382
351
41
462
278
230
72
267
137
494
303
260
107
79
414
24
44
251
371
409
463
269
215
328
375
167
450
160
124
250
368
255
244
83
406
335
69
282
404
294
415
46
384
389
90
203
212
86
252
155
52
59
216
14
153
182
218
17
450
41
336
418
59
131
393
312
224
409
427
246
75
278
210
108
449
132
93
237
75
154
321
303
322
274
228
40
12
160
407
130
49
349
200
208
141
157
122
491
96
131
56
298
211
25
403
74
257
410
9
49
229
99
257
106
286
290
192
17
192
470
154
398
324
479
250
64
265
488
388
143
58
26
367
339
452
179
234
175
76
291
474
231
145
327
393
5
143
490
6
39
339
351
227
322
126
173
457
423
28
10
201
400
277
69
18
384
489
114
302
179
271
491
332
28
116
4
457
18
30
371
47
117
424
77
486
472
136
48
36
139
149
404
202
430
89
314
335
209
30
196
265
194
374
301
439
175
218
258
233
231
286
344
167
487
160
413
223
494
5
143
217
294
329
317
355
473
35
495
464
278
336
57
442
132
352
198
323
60
77
55
401
306
79
167
462
73
353
90
482
335
249
104
130
119
319
191
252
342
286
424
183
475
451
363
441
246
341
269
292
27
71
281
197
206
86
242
4
24
287
170
202
283
89
192
188
70
155
199
345
455
415
330
322
409
237
4
33
90
110
483
94
412
396
161
253
236
347
121
36
102
101
410
453
162
377
119
280
292
462
277
141
2
197
322
147
339
41
405
280
294
130
224
221
168
299
110
257
270
300
470
120
369
183
366
357
173
436
404
232
115
75
392
278
10
40
153
135
16
292
217
136
325
238
220
140
274
45
113
25
258
92
99
451
500
206
321
436
15
186
484
153
365
187
241
19
80
21
426
42
383
208
393
151
456
9
78
297
325
180
346
232
451
264
433
40
163
161
92
496
300
484
175
323
481
237
284
184
382
152
155
332
29
253
345
231
261
347
55
342
411
307
53
148
173
494
311
37
179
57
259
243
104
121
172
266
163
217
244
220
162
343
468
141
307
478
17
109
158
129
323
173
76
76
437
363
320
198
186
136
126
185
361
7
147
290
52
250
32
404
110
437
234
409
143
421
454
451
116
146
402
362
129
428
14
387
3
135
128
119
122
243
470
390
7
409
453
82
39
19
126
394
366
197
452
95
66
296
465
293
115
24
285
259
370
189
147
229
482
6
138
205
366
200
398
67
265
197
119
25
236
25
15
262
491
262
312
283
310
98
452
139
213
56
439
395
358
278
350
337
140
150
193
73
243
364
286
128
235
15
44
280
360
196
346
172
266
250
40
325
22
207
55
446
376
414
301
51
249
496
419
267
199
365
245
6
261
336
198
270
12
27
200
479
7
203
63
305
431
70
10
436
232
406
30
185
366
326
377
406
346
120
106
92
451
8
282
189
40
386
423
9
224
293
399
116
456
196
494
392
26
294
128
268
417
493
162
112
139
184
17
41
334
168
351
436
186
295
132
473
43
299
