528
193
426
313
438
83
166
70
8
206
94
200
484
153
97
344
318
408
156
442
334
216
45
21
341
455
408
22
336
299
488
343
179
284
152
188
86
89
429
173
385
135
199
331
468
259
456
391
225
256
468
437
169
160
218
314
414
163
99
475
370
186
460
162
217
458
17
421
67
468
179
493
263
427
467
412
262
119
395
81
423
405
309
429
174
44
119
314
499
410
329
452
228
379
461
155
69
85
215
174
41
343
216
185
325
408
408
281
493
403
404
492
231
208
281
3
476
352
266
371
289
118
136
323
153
218
351
51
179
497
492
222
177
255
280
324
76
163
55
149
487
121
481
198
450
12
314
81
175
414
157
324
27
272
153
338
21
193
198
460
44
96
493
138
470
124
123
445
267
11
104
496
472
434
299
154
467
467
230
161
468
436
298
165
45
91
372
280
377
402
81
488
407
240
151
303
120
213
437
265
239
66
343
143
77
149
43
308
223
447
410
42
290
79
334
74
156
285
341
469
469
94
22
158
333
322
328
206
228
240
193
229
311
441
152
248
365
419
103
260
173
324
363
96
174
42
493
456
223
367
4
369
175
360
284
183
205
229
177
137
330
227
269
166
160
12
235
241
32
348
116
370
289
40
419
268
391
211
407
170
431
40
165
212
46
209
374
497
120
114
246
426
93
382
88
431
441
114
460
425
247
347
194
151
364
457
307
340
274
116
453
460
479
345
416
303
295
297
10
190
297
393
140
277
121
294
245
496
398
152
251
140
42
246
425
34
241
7
79
134
430
365
480
330
84
282
49
53
273
124
382
341
436
246
125
428
419
127
350
325
24
26
392
67
347
18
337
443
13
352
379
77
295
252
355
204
281
347
107
410
65
337
160
218
290
312
489
192
426
33
217
338
362
363
294
456
337
254
238
222
323
182
479
133
278
179
345
462
159
335
300
126
357
1
486
241
431
68
186
222
482
435
407
340
277
57
159
97
9
420
376
439
136
185
475
106
150
198
266
405
53
39
159
97
1
487
481
55
410
413
27
473
96
442
421
125
112
297
350
153
70
365
10
83
431
315
91
373
388
207
374
288
119
211
343
184
320
389
278
26
367
85
112
205
176
78
37
447
68
238
54
288
157
353
74
60
472
482
374
345
367
284
168
323
30
438
338
425
234
105
411
444
226
10
437
54
297
442
476
477
324
62
89
310
44
491
279
308
308
203
