898
167
70
155
489
24
352
237
338
88
108
219
417
248
296
60
242
168
328
60
101
180
374
421
333
259
191
67
330
179
227
266
190
211
246
380
361
391
70
62
376
301
285
495
79
337
12
347
6
150
373
353
168
83
132
123
218
89
43
250
154
442
374
21
247
341
18
39
41
416
290
499
205
381
367
311
466
241
420
316
298
319
36
140
183
372
75
74
346
254
352
373
483
296
420
427
74
122
356
452
457
438
135
273
246
242
385
207
328
472
107
468
460
45
451
257
486
269
296
321
88
432
353
108
327
290
74
191
149
232
480
202
129
369
433
256
393
483
84
487
235
382
26
147
111
390
227
267
276
376
250
25
62
182
139
122
52
43
372
98
197
113
199
102
132
157
109
199
483
160
331
450
85
91
368
112
310
369
66
499
311
292
402
30
127
20
50
348
388
246
320
80
346
88
68
264
476
127
59
467
328
17
474
161
168
328
457
236
95
186
183
80
10
493
79
487
350
187
208
214
421
130
61
216
308
241
499
259
456
369
42
72
20
23
182
411
102
123
482
307
476
465
115
331
116
259
474
269
241
341
59
447
296
296
168
235
163
308
349
460
495
85
22
442
323
28
407
62
361
350
138
456
211
90
377
372
199
174
54
56
354
100
63
468
54
117
119
441
307
482
98
235
342
278
364
312
477
146
115
431
14
184
218
196
262
330
74
319
221
395
347
480
186
267
231
497
325
74
290
321
308
142
205
179
410
24
99
103
2
408
365
105
257
105
181
223
339
176
93
283
472
185
122
480
442
334
359
18
334
182
260
476
246
392
218
457
129
472
159
382
89
35
422
198
110
470
192
308
356
308
339
177
366
76
242
413
336
17
260
242
165
65
9
154
372
488
434
157
364
340
413
294
444
433
181
55
453
402
46
140
474
94
267
373
144
208
44
318
293
221
66
414
494
383
382
446
488
410
200
471
500
386
129
167
210
236
11
284
258
364
208
19
329
359
153
6
406
25
263
276
213
500
459
41
125
404
462
398
333
327
417
282
351
9
242
441
42
494
374
24
125
126
309
161
497
381
486
245
344
44
268
51
472
404
374
360
150
433
198
359
354
93
500
239
22
377
320
203
306
217
209
144
246
64
149
125
334
362
377
22
278
352
362
55
190
168
292
371
92
345
241
100
245
58
185
21
245
230
172
386
108
369
277
44
137
320
429
120
136
457
151
228
120
377
53
43
427
217
19
106
265
124
340
35
208
185
225
305
380
381
201
338
498
64
390
119
209
147
16
1
211
10
255
56
374
315
178
188
23
161
107
92
144
22
250
461
352
430
423
31
75
213
247
286
34
447
374
495
432
370
483
469
271
357
350
194
136
470
312
274
258
338
391
86
224
399
55
18
334
206
100
367
142
218
319
339
253
11
380
129
168
116
497
176
112
451
183
325
130
486
164
464
119
235
63
412
435
152
44
261
248
343
128
280
448
388
93
485
131
275
301
408
339
317
199
314
397
235
18
167
172
276
109
71
376
296
260
121
259
320
440
127
399
131
197
467
491
359
376
323
425
375
87
14
259
282
360
26
108
376
404
429
169
359
424
287
236
225
9
226
42
406
332
431
371
45
481
388
358
267
448
406
61
475
6
128
302
85
152
69
127
161
440
322
391
327
320
415
382
306
283
75
486
61
243
371
420
17
472
34
496
125
454
326
248
124
73
461
2
144
220
347
388
399
279
316
197
308
178
177
244
388
141
243
121
2
366
21
314
168
481
126
447
480
205
126
366
93
356
455
184
446
304
107
225
287
88
416
306
307
9
402
456
165
428
35
137
218
328
106
29
72
68
148
341
452
218
195
74
341
244
311
301
283
114
14
488
246
320
354
299
326
29
73
167
327
39
55
479
74
122
461
53
227
310
115
208
37
372
69
474
18
104
268
395
287
229
112
267
383
246
125
349
247
87
12
430
286
386
402
59
201
443
71
277
352
139
237
362
463
252
200
141
496
393
20
407
162
194
325
363
262
387
490
218
253
198
228
379
68
166
173
41
107
119
300
411
87
1
323
