363
138
177
371
362
65
279
256
49
229
366
64
214
289
381
221
110
348
132
117
481
116
156
37
44
167
380
57
5
205
265
114
176
242
358
87
99
356
431
322
200
489
195
389
254
17
8
1
344
399
435
428
264
17
3
101
207
469
7
395
446
3
418
161
49
150
175
365
443
322
116
29
9
87
46
203
18
271
131
375
238
250
103
24
259
50
181
26
320
2
476
258
53
14
21
252
86
283
55
145
99
476
493
445
76
116
375
304
424
335
259
176
357
330
462
374
241
310
322
483
59
248
295
320
428
223
136
206
348
112
31
387
73
265
400
79
385
111
242
317
228
391
11
212
219
155
409
270
218
62
437
354
20
406
3
386
481
246
172
319
46
161
327
215
215
269
486
217
376
232
398
226
256
25
353
499
34
487
31
400
343
237
384
30
256
489
334
120
191
438
221
326
115
239
430
113
408
5
82
52
214
352
360
71
409
25
199
298
465
449
217
239
34
168
164
74
5
67
121
10
110
215
486
13
217
206
361
121
144
121
133
324
446
198
444
324
124
78
309
343
364
370
119
429
53
354
200
332
429
224
127
172
130
270
284
66
431
169
100
139
220
468
499
445
148
247
193
13
212
4
92
78
39
404
349
165
499
232
486
86
179
95
410
314
412
122
78
454
490
56
462
463
2
298
384
71
280
26
149
490
253
328
300
193
487
255
318
3
276
101
203
365
96
100
27
236
491
263
482
86
152
348
456
176
164
264
371
101
258
348
113
271
435
206
369
119
122
410
435
126
325
233
143
406
402
444
298
366
439
282
218
380
295
40
122
260
485
185
461
145
455
76
192
428
483
